169.02, 6.1, 0
209.13, 6.0, 0
158.74, 5.9, 0
168.47, 5.7, 0
221.99, 5.9, 0
185.67, 5.7, 0
215.37, 6.0, 0
199.59, 6.0, 0
246.14, 5.9, 0
196.05, 5.8, 0
239.62, 5.8, 0
175.28, 5.9, 0
198.31, 5.9, 0
243.22, 5.8, 0
197.15, 6.0, 0
207.19, 5.9, 0
213.96, 5.7, 0
168.94, 6.0, 0
213.61, 6.0, 0
165.17, 6.1, 0
180.69, 5.8, 0
184.19, 5.8, 0
176.17, 5.8, 0
216.82, 5.8, 0
215.69, 5.7, 0
189.72, 5.9, 0
202.12, 6.1, 0
173.66, 5.9, 0
188.37, 5.8, 0
233.97, 5.8, 0
207.09, 5.8, 0
166.08, 5.9, 0
182.33, 5.7, 0
186.38, 5.8, 0
165.96, 5.8, 0
166.76, 5.9, 0
170.63, 5.9, 0
187.44, 6.0, 0
235.69, 5.8, 0
188.18, 5.9, 0
208.76, 5.8, 0
194.32, 5.8, 0
188.43, 5.9, 0
211.14, 6.0, 0
206.50, 6.0, 0
200.26, 6.0, 0
198.43, 5.9, 0
195.48, 5.8, 0
223.55, 5.9, 0
180.58, 6.0, 0
196.35, 5.8, 0
205.82, 5.8, 0
199.44, 6.0, 0
219.39, 5.9, 0
184.40, 6.0, 0
173.63, 5.9, 0
177.40, 5.9, 0
227.50, 5.8, 0
206.24, 5.9, 0
171.10, 5.9, 0
209.15, 5.8, 0
208.86, 5.9, 0
164.37, 6.0, 0
170.00, 5.9, 0
225.73, 6.0, 0
189.94, 5.9, 0
232.95, 5.9, 0
224.88, 6.0, 0
188.27, 5.6, 0
248.77, 5.8, 0
179.31, 5.8, 0
183.69, 5.9, 0
194.23, 5.9, 0
217.20, 5.9, 0
197.30, 6.0, 0
167.10, 6.0, 0
198.61, 5.9, 0
236.42, 5.9, 0
196.91, 6.0, 0
178.85, 5.8, 0
169.19, 5.7, 0
200.23, 5.8, 0
191.32, 5.9, 0
227.02, 5.9, 0
218.93, 5.9, 0
201.49, 5.8, 0
221.82, 5.8, 0
190.49, 5.9, 0
183.34, 5.8, 0
176.96, 6.0, 0
189.29, 5.9, 0
202.58, 5.7, 0
204.96, 5.9, 0
220.05, 6.0, 0
195.46, 5.8, 0
226.93, 5.8, 0
189.75, 5.8, 0
202.19, 5.9, 0
179.63, 5.9, 0
199.62, 5.9, 0
181.49, 5.9, 0
199.72, 5.9, 0
235.91, 5.9, 0
166.69, 5.8, 0
195.01, 5.7, 0
154.98, 5.9, 0
168.59, 5.9, 0
163.92, 6.0, 0
173.55, 5.9, 0
171.21, 6.0, 0
200.99, 5.9, 0
200.89, 5.9, 0
226.35, 6.0, 0
209.12, 6.0, 0
186.57, 5.6, 0
209.10, 6.0, 0
230.91, 5.9, 0
190.15, 5.8, 0
225.09, 5.9, 0
188.17, 6.0, 0
203.46, 5.8, 0
170.19, 5.9, 0
217.74, 6.0, 0
189.77, 6.1, 0
197.43, 6.0, 0
192.67, 5.9, 0
227.77, 5.9, 0
209.08, 6.0, 0
155.65, 6.1, 0
227.97, 5.8, 0
188.95, 6.0, 0
146.12, 6.0, 0
181.73, 5.9, 0
170.30, 6.0, 0
202.06, 5.9, 0
164.87, 6.1, 0
205.27, 5.7, 0
184.41, 6.0, 0
199.12, 5.8, 0
161.16, 5.7, 0
142.33, 6.1, 0
205.91, 5.9, 0
199.80, 5.8, 0
215.24, 5.9, 0
190.52, 5.9, 0
195.59, 5.8, 0
208.25, 5.9, 0
232.65, 5.9, 0
182.50, 6.0, 0
175.19, 6.0, 0
187.38, 5.9, 0
175.93, 6.0, 0
192.53, 6.0, 0
192.26, 6.0, 0
165.28, 5.9, 0
189.75, 6.1, 0
200.01, 5.9, 0
211.23, 5.8, 0
222.43, 6.0, 0
188.94, 5.8, 0
171.37, 5.7, 0
226.22, 5.8, 0
160.21, 5.8, 0
188.71, 5.9, 0
196.34, 5.9, 0
194.23, 6.1, 0
208.74, 5.8, 0
211.12, 5.8, 0
214.98, 5.9, 0
205.55, 5.8, 0
207.56, 6.0, 0
240.47, 5.9, 0
165.45, 6.1, 0
192.89, 5.8, 0
204.08, 5.9, 0
181.98, 5.8, 0
189.06, 5.9, 0
221.00, 5.7, 0
230.19, 6.0, 0
211.78, 6.0, 0
189.39, 5.9, 0
205.59, 5.8, 0
187.66, 6.0, 0
216.53, 6.0, 0
211.98, 6.0, 0
213.93, 5.9, 0
182.20, 5.8, 0
165.05, 6.1, 0
214.44, 5.8, 0
191.53, 6.1, 0
212.27, 5.9, 0
205.93, 5.9, 0
230.97, 6.0, 0
211.42, 6.0, 0
205.09, 6.0, 0
170.69, 6.0, 0
203.79, 5.7, 0
194.26, 5.9, 0
209.66, 6.1, 0
206.99, 6.0, 0
253.48, 6.1, 0
192.45, 6.0, 0
178.89, 5.9, 0
203.86, 5.8, 0
217.24, 6.0, 0
173.57, 6.0, 0
209.26, 6.0, 0
220.93, 5.8, 0
212.57, 5.8, 0
201.91, 6.1, 0
202.70, 6.0, 0
211.51, 6.0, 0
192.54, 5.9, 0
206.53, 5.8, 0
196.56, 5.8, 0
185.94, 6.0, 0
199.88, 6.0, 0
191.18, 5.9, 0
214.94, 5.9, 0
184.20, 5.8, 0
194.90, 5.9, 0
194.89, 5.9, 0
206.84, 5.9, 0
187.29, 6.0, 0
226.87, 5.8, 0
159.70, 5.8, 0
212.74, 6.0, 0
202.98, 6.0, 0
189.44, 5.9, 0
188.17, 6.1, 0
196.81, 6.0, 0
176.26, 5.9, 0
190.99, 5.9, 0
197.86, 5.8, 0
183.18, 6.0, 0
204.19, 5.9, 0
161.10, 5.8, 0
196.39, 6.0, 0
173.86, 6.0, 0
197.68, 5.8, 0
182.18, 6.0, 0
160.56, 5.8, 0
196.58, 5.9, 0
207.11, 5.8, 0
201.39, 5.9, 0
185.90, 5.9, 0
140.84, 5.9, 0
171.73, 6.0, 0
201.20, 5.9, 0
150.14, 5.8, 0
219.66, 5.9, 0
185.32, 5.9, 0
174.99, 6.0, 0
201.35, 5.9, 0
182.48, 5.8, 0
226.13, 6.1, 0
195.46, 6.0, 0
186.57, 5.8, 0
170.75, 5.9, 0
177.00, 5.9, 0
200.02, 6.1, 0
182.62, 5.8, 0
177.43, 5.8, 0
201.12, 6.1, 0
193.29, 5.9, 0
222.82, 6.1, 0
184.99, 5.9, 0
196.06, 5.8, 0
132.32, 5.8, 0
166.55, 5.9, 0
182.69, 5.8, 0
202.38, 5.9, 0
216.23, 5.8, 0
212.17, 6.1, 0
237.45, 6.0, 0
211.15, 5.8, 0
166.85, 5.7, 0
231.75, 5.9, 0
201.99, 5.9, 0
231.63, 6.0, 0
218.37, 5.9, 0
185.14, 5.8, 0
219.51, 5.9, 0
189.94, 5.8, 0
189.21, 5.9, 0
205.60, 5.8, 0
179.90, 5.9, 0
179.40, 5.9, 0
235.13, 5.8, 0
215.47, 5.7, 0
199.88, 5.9, 0
210.01, 5.8, 0
198.17, 6.0, 0
197.58, 5.8, 0
216.44, 6.0, 0
179.92, 6.0, 0
223.76, 5.9, 0
185.46, 5.9, 0
193.76, 6.0, 0
172.01, 5.8, 0
209.33, 5.9, 0
214.74, 5.9, 0
223.19, 5.9, 0
217.97, 5.9, 0
214.42, 5.9, 0
195.92, 6.0, 0
233.21, 6.1, 0
205.51, 5.9, 0
179.49, 5.9, 0
166.23, 5.9, 0
182.50, 5.9, 0
185.79, 5.9, 0
197.22, 5.9, 0
206.15, 5.9, 0
176.65, 5.8, 0
205.00, 6.1, 0
190.25, 5.9, 0
187.87, 5.8, 0
222.98, 5.9, 0
185.87, 5.8, 0
193.29, 5.7, 0
213.72, 5.9, 0
192.66, 5.8, 0
203.56, 5.9, 0
181.49, 5.9, 0
233.66, 5.9, 0
209.80, 6.1, 0
211.22, 5.9, 0
198.48, 6.0, 0
161.21, 5.9, 0
189.66, 5.9, 0
237.70, 5.9, 0
175.26, 5.8, 0
220.92, 6.1, 0
181.21, 5.9, 0
201.73, 6.0, 0
174.74, 6.0, 0
177.07, 5.8, 0
190.25, 5.8, 0
168.58, 5.9, 0
198.24, 6.0, 0
226.23, 5.9, 0
183.90, 6.0, 0
214.43, 5.9, 0
219.44, 5.9, 0
227.06, 5.9, 0
242.73, 5.8, 0
212.95, 5.9, 0
193.74, 6.1, 0
211.12, 6.1, 0
198.57, 6.1, 0
239.53, 5.8, 0
214.44, 5.9, 0
185.93, 6.0, 0
175.68, 5.9, 0
185.63, 6.1, 0
179.62, 5.9, 0
196.53, 5.8, 0
173.74, 5.8, 0
208.39, 5.8, 0
214.25, 5.8, 0
190.24, 6.0, 0
191.46, 5.8, 0
166.78, 5.9, 0
188.22, 5.9, 0
228.52, 5.8, 0
217.82, 5.9, 0
166.95, 5.9, 0
182.45, 5.7, 0
173.01, 6.0, 0
209.50, 6.0, 0
200.33, 5.9, 0
223.64, 6.0, 0
205.59, 5.7, 0
176.69, 5.8, 0
201.81, 5.9, 0
145.20, 5.9, 0
196.46, 6.0, 0
182.61, 5.9, 0
188.42, 5.8, 0
198.19, 5.8, 0
179.90, 5.8, 0
184.72, 5.9, 0
190.62, 6.0, 0
192.31, 5.8, 0
204.49, 5.7, 0
234.82, 5.9, 0
219.19, 6.0, 0
188.14, 5.9, 0
212.64, 5.8, 0
233.26, 5.9, 0
212.44, 6.0, 0
175.69, 5.9, 0
219.12, 5.8, 0
182.35, 5.9, 0
205.28, 5.9, 0
201.37, 5.7, 0
182.51, 5.8, 0
178.59, 5.8, 0
193.39, 6.0, 0
183.14, 5.9, 0
246.28, 6.1, 0
194.21, 6.0, 0
202.87, 5.8, 0
187.08, 5.8, 0
195.03, 5.9, 0
194.13, 5.9, 0
203.56, 6.1, 0
170.96, 6.0, 0
190.91, 5.8, 0
167.64, 6.0, 0
185.42, 6.1, 0
180.59, 6.0, 0
200.75, 5.9, 0
174.12, 5.9, 0
237.19, 5.8, 0
184.28, 5.9, 0
211.42, 5.7, 0
197.34, 5.8, 0
204.25, 5.9, 0
220.60, 5.8, 0
230.09, 5.9, 0
195.48, 5.9, 0
214.41, 5.9, 0
195.48, 5.9, 0
224.81, 5.8, 0
196.78, 6.0, 0
209.37, 6.0, 0
198.36, 6.0, 0
178.17, 5.8, 0
183.31, 5.8, 0
181.25, 6.0, 0
205.33, 5.8, 0
177.74, 5.8, 0
194.53, 5.9, 0
183.85, 5.8, 0
188.53, 5.9, 0
209.73, 6.0, 0
197.48, 5.9, 0
202.06, 6.0, 0
226.77, 6.0, 0
170.98, 5.9, 0
160.82, 5.9, 0
149.91, 6.0, 0
171.47, 6.0, 0
211.30, 5.8, 0
195.72, 5.8, 0
190.94, 5.7, 0
191.81, 5.9, 0
182.61, 5.9, 0
174.03, 5.9, 0
233.71, 5.8, 0
219.76, 5.7, 0
220.48, 5.9, 0
239.93, 6.0, 0
227.35, 6.1, 0
207.21, 5.9, 0
214.63, 5.9, 0
164.88, 5.9, 0
192.19, 6.0, 0
191.16, 5.9, 0
177.46, 5.8, 0
153.67, 5.9, 0
154.91, 5.9, 0
198.41, 5.9, 0
199.30, 5.9, 0
184.40, 6.1, 0
168.72, 6.2, 0
155.16, 5.9, 0
194.52, 5.8, 0
170.14, 5.8, 0
227.33, 5.8, 0
183.70, 6.0, 0
197.71, 5.8, 0
198.39, 6.0, 0
241.44, 6.0, 0
184.62, 5.9, 0
180.44, 5.9, 0
205.35, 6.0, 0
221.85, 5.9, 0
197.49, 5.9, 0
188.16, 6.2, 0
134.36, 5.9, 0
201.24, 5.9, 0
184.21, 6.1, 0
204.92, 5.9, 0
199.37, 5.8, 0
209.97, 6.1, 0
166.00, 5.8, 0
185.93, 5.9, 0
203.64, 5.9, 0
231.09, 5.9, 0
174.61, 5.8, 0
216.82, 5.8, 0
184.05, 6.0, 0
191.83, 5.8, 0
209.60, 5.7, 0
196.97, 5.9, 0
177.35, 5.9, 0
191.15, 5.9, 0
240.56, 5.9, 0
192.46, 5.7, 0
248.45, 5.9, 0
176.31, 5.9, 0
175.63, 6.1, 0
201.73, 6.0, 0
192.10, 6.0, 0
203.57, 6.0, 0
201.51, 5.9, 0
176.59, 5.8, 0
210.34, 5.7, 0
194.84, 6.1, 0
203.58, 5.8, 0
214.85, 5.8, 0
168.65, 6.0, 0
192.18, 5.8, 0
155.68, 6.0, 0
173.07, 5.9, 0
164.78, 5.9, 0
197.14, 5.8, 0
248.49, 5.8, 0
209.77, 5.8, 0
203.53, 5.9, 0
200.00, 5.9, 0
229.67, 6.0, 0
207.30, 6.1, 0
182.24, 6.0, 0
178.89, 6.0, 0
187.06, 5.9, 0
171.06, 5.9, 0
168.70, 6.0, 0
202.12, 5.9, 0
203.85, 5.9, 0
174.91, 5.9, 0
194.13, 6.1, 0
215.69, 5.9, 0
211.73, 5.7, 0
180.48, 6.0, 0
167.29, 6.1, 0
202.28, 5.8, 0
168.90, 5.9, 0
209.11, 6.0, 0
230.57, 6.0, 0
199.04, 6.1, 0
209.31, 5.8, 0
208.02, 5.8, 0
208.53, 6.0, 0
191.71, 6.0, 0
201.15, 6.0, 0
213.57, 6.0, 0
200.55, 5.9, 0
149.59, 5.9, 0
195.47, 6.0, 0
239.93, 5.8, 0
180.41, 6.0, 0
222.84, 5.8, 0
218.38, 5.8, 0
221.39, 5.9, 0
198.34, 6.1, 0
200.77, 5.9, 0
172.28, 5.8, 0
168.73, 5.9, 0
202.13, 5.7, 0
184.74, 5.8, 0
178.08, 6.0, 0
189.54, 6.0, 0
183.33, 6.0, 0
181.66, 5.8, 0
192.10, 5.9, 0
199.82, 6.0, 0
196.44, 6.0, 0
194.64, 5.9, 0
207.83, 6.1, 0
205.29, 5.8, 0
192.13, 5.9, 0
188.01, 6.0, 0
219.22, 5.8, 0
227.39, 6.0, 0
203.96, 5.9, 0
218.78, 5.8, 0
238.92, 5.8, 0
176.91, 5.9, 0
209.14, 6.1, 0
193.73, 6.2, 0
192.72, 5.9, 0
180.27, 5.8, 0
190.11, 5.7, 0
235.39, 6.0, 0
170.26, 5.9, 0
230.78, 5.8, 0
203.61, 5.8, 0
176.73, 5.7, 0
180.32, 5.9, 0
235.00, 6.1, 0
228.17, 6.0, 0
198.51, 5.9, 0
163.38, 6.0, 0
214.77, 6.0, 0
208.16, 5.9, 0
207.96, 5.9, 0
187.14, 5.8, 0
214.82, 6.0, 0
245.79, 6.0, 0
207.24, 5.9, 0
173.72, 6.1, 0
175.42, 5.9, 0
211.65, 5.8, 0
195.62, 5.9, 0
206.36, 5.9, 0
193.85, 5.9, 0
213.00, 6.0, 0
201.28, 5.9, 0
194.53, 6.0, 0
181.81, 5.9, 0
171.25, 5.8, 0
212.54, 5.9, 0
178.35, 5.9, 0
214.31, 6.0, 0
192.30, 6.0, 0
184.25, 5.9, 0
170.65, 5.9, 0
205.09, 5.8, 0
212.76, 5.7, 0
183.67, 6.0, 0
167.05, 5.8, 0
206.66, 6.0, 0
188.21, 6.1, 0
198.60, 5.8, 0
159.31, 6.0, 0
200.96, 5.8, 0
191.32, 5.8, 0
194.04, 5.9, 0
168.13, 5.9, 0
195.11, 5.9, 0
227.12, 6.0, 0
179.97, 5.9, 0
178.29, 5.9, 0
184.21, 6.1, 0
211.25, 5.9, 0
230.99, 6.0, 0
208.71, 6.0, 0
196.92, 5.9, 0
198.15, 5.9, 0
163.94, 5.7, 0
178.82, 6.0, 0
215.96, 5.9, 0
211.87, 5.9, 0
206.52, 5.8, 0
202.61, 6.0, 0
195.40, 5.9, 0
208.59, 5.9, 0
185.19, 6.0, 0
229.54, 5.9, 0
216.96, 5.8, 0
193.44, 5.9, 0
209.01, 5.8, 0
190.66, 6.0, 0
204.27, 6.0, 0
199.73, 6.0, 0
179.19, 6.0, 0
205.35, 5.9, 0
244.70, 6.0, 0
183.85, 5.9, 0
214.62, 6.0, 0
205.18, 5.9, 0
190.69, 5.8, 0
201.21, 5.8, 0
188.06, 6.1, 0
207.29, 5.9, 0
200.40, 6.0, 0
168.39, 5.8, 0
208.57, 5.9, 0
226.13, 5.9, 0
202.81, 5.8, 0
225.66, 5.7, 0
216.25, 6.0, 0
206.44, 5.9, 0
218.41, 5.9, 0
193.27, 5.8, 0
218.05, 5.8, 0
190.08, 6.0, 0
198.18, 5.9, 0
173.51, 6.1, 0
210.77, 5.7, 0
162.10, 5.9, 0
227.46, 5.9, 0
185.83, 5.9, 0
216.99, 6.2, 0
244.08, 6.2, 0
179.17, 5.7, 0
173.83, 6.1, 0
184.21, 5.8, 0
211.84, 6.0, 0
206.64, 6.1, 0
143.14, 5.9, 0
221.37, 5.7, 0
201.59, 5.9, 0
183.65, 6.0, 0
175.37, 6.0, 0
203.18, 6.0, 0
197.59, 5.8, 0
205.23, 5.9, 0
169.42, 6.0, 0
195.69, 5.7, 0
191.12, 5.9, 0
194.42, 5.8, 0
206.48, 5.6, 0
195.49, 6.0, 0
152.31, 6.0, 0
216.45, 6.0, 0
188.88, 6.0, 0
180.07, 5.9, 0
166.07, 5.9, 0
168.36, 5.6, 0
224.71, 5.9, 0
213.18, 5.9, 0
191.96, 6.0, 0
192.26, 6.0, 0
183.43, 6.0, 0
221.10, 5.8, 0
179.47, 5.9, 0
175.68, 5.9, 0
165.11, 5.9, 0
207.03, 5.8, 0
192.47, 5.8, 0
204.35, 5.8, 0
190.87, 5.8, 0
212.99, 5.8, 0
192.22, 5.9, 0
176.41, 6.0, 0
161.90, 5.9, 0
204.35, 6.0, 0
200.50, 5.8, 0
179.13, 6.0, 0
196.31, 6.0, 0
195.31, 5.9, 0
210.39, 5.8, 0
180.47, 6.1, 0
193.51, 5.8, 0
179.37, 5.8, 0
191.68, 5.9, 0
221.11, 5.9, 0
191.51, 5.8, 0
190.91, 5.8, 0
197.70, 6.1, 0
234.92, 5.9, 0
169.12, 6.0, 0
189.24, 5.9, 0
175.22, 5.8, 0
223.56, 5.9, 0
194.97, 5.8, 0
210.87, 5.9, 0
205.73, 5.9, 0
204.26, 5.8, 0
214.85, 6.1, 0
189.97, 5.7, 0
207.85, 5.8, 0
192.32, 5.8, 0
173.88, 5.8, 0
215.37, 5.8, 0
186.30, 6.0, 0
191.07, 5.8, 0
188.42, 5.9, 0
205.58, 5.8, 0
213.26, 6.0, 0
235.30, 5.8, 0
181.89, 5.7, 0
221.61, 6.1, 0
186.47, 6.0, 0
201.34, 5.9, 0
234.83, 5.9, 0
202.61, 5.9, 0
202.42, 5.9, 0
205.09, 5.8, 0
214.61, 5.8, 0
195.88, 6.0, 0
218.43, 5.9, 0
186.75, 5.9, 0
211.62, 6.0, 0
180.35, 5.9, 0
208.15, 5.8, 0
194.83, 6.2, 0
190.92, 5.9, 0
192.96, 5.8, 0
175.48, 5.9, 0
154.30, 5.9, 0
238.94, 6.1, 0
221.67, 6.0, 0
231.50, 6.0, 0
183.95, 5.9, 0
160.35, 6.0, 0
196.16, 6.1, 0
197.84, 5.8, 0
156.06, 5.9, 0
225.44, 5.9, 0
146.12, 5.9, 0
170.94, 5.9, 0
186.03, 6.0, 0
200.57, 5.9, 0
171.81, 5.9, 0
184.62, 5.8, 0
203.00, 6.0, 0
182.17, 5.7, 0
194.65, 6.0, 0
195.18, 5.9, 0
191.91, 5.9, 0
191.88, 6.0, 0
160.07, 5.9, 0
209.71, 5.9, 0
192.85, 6.0, 0
209.95, 5.9, 0
171.17, 5.9, 0
196.11, 6.0, 0
198.16, 5.9, 0
214.38, 5.7, 0
188.57, 5.9, 0
184.38, 5.9, 0
220.05, 5.7, 0
202.92, 6.0, 0
206.11, 5.8, 0
224.62, 5.9, 0
213.57, 5.9, 0
176.77, 5.9, 0
180.42, 5.9, 0
213.72, 5.9, 0
172.74, 5.9, 0
198.86, 6.0, 0
175.15, 5.8, 0
201.95, 6.0, 0
170.98, 5.9, 0
168.85, 5.9, 0
182.18, 6.0, 0
202.01, 5.8, 0
204.70, 5.9, 0
190.88, 5.9, 0
168.49, 6.0, 0
187.57, 5.8, 0
218.98, 6.0, 0
198.13, 5.8, 0
220.14, 6.0, 0
205.21, 5.9, 0
185.80, 5.9, 0
224.69, 5.8, 0
195.77, 5.9, 0
211.08, 5.8, 0
168.52, 5.8, 0
205.87, 5.9, 0
179.56, 5.9, 0
189.00, 5.9, 0
246.00, 6.0, 0
172.03, 6.1, 0
180.25, 6.0, 0
179.70, 5.9, 0
188.56, 6.0, 0
185.98, 5.7, 0
165.21, 6.0, 0
217.98, 6.1, 0
188.96, 6.0, 0
152.40, 6.0, 0
213.20, 5.9, 0
206.84, 5.8, 0
165.64, 5.8, 0
201.51, 6.0, 0
179.94, 5.8, 0
220.90, 5.8, 0
183.05, 5.9, 0
222.21, 5.8, 0
195.27, 5.9, 0
168.20, 5.9, 0
190.23, 5.8, 0
201.56, 6.0, 0
170.02, 5.9, 0
209.33, 5.9, 0
190.67, 5.9, 0
186.00, 5.8, 0
189.28, 5.6, 0
215.80, 5.9, 0
188.66, 5.7, 0
224.37, 5.9, 0
191.89, 5.9, 0
178.96, 5.9, 0
191.72, 6.0, 0
190.96, 5.9, 0
167.39, 5.9, 0
198.54, 5.7, 0
211.50, 6.0, 0
229.61, 5.9, 0
229.84, 5.9, 0
135.56, 6.0, 0
178.87, 6.0, 0
231.25, 6.1, 0
213.19, 6.1, 0
207.51, 5.7, 0
190.36, 6.0, 0
221.85, 5.9, 0
198.96, 5.8, 0
210.78, 5.9, 0
206.36, 5.8, 0
182.64, 5.7, 0
194.03, 5.9, 0
204.75, 5.9, 0
202.50, 6.0, 0
217.04, 5.7, 0
224.90, 5.8, 0
152.65, 5.9, 0
177.20, 6.0, 0
199.58, 5.9, 0
161.97, 5.9, 0
145.32, 6.0, 0
208.69, 5.9, 0
174.01, 5.9, 0
183.70, 5.9, 0
202.18, 6.1, 0
185.31, 5.7, 0
204.48, 5.9, 0
181.33, 5.9, 0
212.59, 6.0, 0
216.22, 5.9, 0
203.07, 5.9, 0
183.25, 6.0, 0
164.03, 6.0, 0
200.98, 6.0, 0
245.95, 5.9, 0
180.85, 5.8, 0
212.62, 5.8, 0
209.70, 5.9, 0
213.52, 5.8, 0
206.49, 5.9, 0
202.71, 6.0, 0
194.00, 5.9, 0
208.18, 5.9, 0
216.90, 5.8, 0
218.01, 5.8, 0
184.10, 5.7, 0
181.29, 5.9, 0
198.19, 5.9, 0
210.93, 5.9, 0
180.99, 6.0, 0
220.50, 5.8, 0
208.02, 5.9, 0
152.94, 5.9, 0
209.74, 6.0, 0
199.56, 5.9, 0
193.59, 5.9, 0
179.96, 5.9, 0
167.58, 6.0, 0
141.53, 6.0, 0
185.41, 5.8, 0
193.16, 5.9, 0
179.17, 5.8, 0
198.78, 5.8, 0
203.92, 5.8, 0
214.45, 5.6, 0
240.29, 5.8, 0
214.83, 5.9, 0
218.69, 5.9, 0
188.62, 6.0, 0
181.91, 5.9, 0
204.77, 6.0, 0
193.18, 6.1, 0
211.26, 5.8, 0
163.99, 6.0, 0
203.19, 5.8, 0
195.15, 5.9, 0
189.16, 5.9, 0
187.65, 5.9, 0
192.51, 5.7, 0
184.50, 6.0, 0
159.44, 5.8, 0
186.45, 5.9, 0
182.54, 5.8, 0
229.47, 6.0, 0
205.82, 5.9, 0
216.42, 5.9, 0
195.32, 6.1, 0
175.26, 5.9, 0
199.93, 5.8, 0
198.43, 6.0, 0
206.49, 5.9, 0
203.38, 5.7, 0
215.12, 5.8, 0
236.23, 5.8, 0
211.88, 5.8, 0
190.83, 5.9, 0
185.40, 6.0, 0
175.42, 5.9, 0
204.40, 5.7, 0
210.12, 6.0, 0
192.01, 6.0, 0
195.50, 5.9, 0
198.07, 6.0, 0
126.75, 5.8, 0
173.04, 5.7, 0
162.69, 5.7, 0
199.50, 5.7, 0
205.91, 5.9, 0
172.27, 5.9, 0
201.69, 6.2, 0
183.65, 5.8, 0
199.24, 5.9, 0
203.43, 5.9, 0
201.52, 5.9, 0
210.40, 5.9, 0
160.40, 6.0, 0
184.37, 5.9, 0
214.59, 6.3, 0
164.23, 6.0, 0
176.83, 6.0, 0
197.89, 5.9, 0
199.38, 5.8, 0
199.74, 5.7, 0
158.25, 5.9, 0
176.68, 5.8, 0
180.29, 5.8, 0
210.08, 5.9, 0
170.64, 5.9, 0
199.91, 6.0, 0
198.24, 5.8, 0
197.80, 6.0, 0
167.17, 5.9, 0
177.32, 5.9, 0
194.16, 5.9, 0
165.73, 5.9, 0
192.04, 5.9, 0
198.33, 5.7, 0
192.34, 5.9, 0
188.93, 5.9, 0
206.39, 6.1, 0
228.61, 5.9, 0
191.40, 5.9, 0
173.99, 5.8, 0
240.29, 5.8, 0
185.90, 5.9, 0
209.92, 5.9, 0
191.55, 5.8, 0
200.14, 5.9, 0
211.26, 5.9, 0
229.31, 6.1, 0
199.10, 5.9, 0
175.12, 5.9, 0
214.69, 5.8, 0
192.92, 5.8, 0
204.68, 5.9, 0
145.61, 5.9, 0
207.09, 5.8, 0
178.79, 5.9, 0
174.38, 6.0, 0
210.17, 6.0, 0
192.70, 5.7, 0
201.85, 6.0, 0
207.57, 5.9, 0
220.95, 6.0, 0
212.55, 6.0, 0
192.93, 5.9, 0
222.18, 5.9, 0
184.54, 6.0, 0
177.90, 6.0, 0
226.26, 6.0, 0
209.59, 5.9, 0
200.92, 6.0, 0
194.86, 5.9, 0
178.77, 6.0, 0
192.38, 5.7, 0
188.33, 5.9, 0
188.16, 6.0, 0
181.89, 6.0, 0
175.14, 5.8, 0
238.81, 6.1, 0
170.45, 5.9, 0
188.41, 5.8, 0
203.15, 5.9, 0
211.20, 6.0, 0
213.76, 6.0, 0
205.52, 5.8, 0
195.21, 5.9, 0
162.17, 5.7, 0
219.67, 6.0, 0
180.19, 6.0, 0
170.01, 5.9, 0
158.05, 5.7, 0
175.32, 6.0, 0
231.99, 6.1, 0
229.19, 5.9, 0
181.01, 5.8, 0
211.37, 5.8, 0
163.02, 6.0, 0
201.72, 5.9, 0
165.22, 5.9, 0
203.77, 5.7, 0
187.41, 5.8, 0
214.40, 6.1, 0
214.67, 6.0, 0
182.04, 5.8, 0
197.60, 5.9, 0
176.16, 6.0, 0
184.42, 6.1, 0
160.38, 5.9, 0
215.28, 5.9, 0
192.26, 6.0, 0
192.57, 5.8, 0
165.65, 5.8, 0
189.79, 6.1, 0
201.77, 6.0, 0
203.74, 6.0, 0
214.70, 5.8, 0
179.83, 5.9, 0
208.49, 6.0, 0
202.06, 5.9, 0
202.81, 5.9, 0
175.15, 5.9, 0
224.09, 6.0, 0
188.39, 5.9, 0
206.80, 6.0, 0
212.80, 5.8, 0
228.00, 5.6, 0
199.43, 5.8, 0
165.76, 6.2, 0
178.11, 5.9, 0
217.28, 5.8, 0
207.68, 5.8, 0
234.65, 6.0, 0
200.54, 5.8, 0
211.57, 5.9, 0
202.14, 5.9, 0
180.53, 5.9, 0
186.72, 6.0, 0
237.23, 5.8, 0
155.07, 5.9, 0
171.88, 5.8, 0
239.47, 5.8, 0
195.21, 5.8, 0
168.75, 6.0, 0
219.94, 5.9, 0
185.15, 5.9, 0
200.37, 6.2, 0
229.88, 5.8, 0
189.69, 6.0, 0
194.79, 5.9, 0
209.48, 6.0, 0
161.05, 5.9, 0
194.96, 5.9, 0
211.61, 5.9, 0
209.67, 5.8, 0
185.39, 6.0, 0
186.18, 5.9, 0
192.34, 6.1, 0
181.66, 6.1, 0
210.16, 5.8, 0
207.83, 5.8, 0
214.65, 5.7, 0
189.69, 6.0, 0
185.79, 6.0, 0
173.44, 6.0, 0
196.90, 5.9, 0
203.82, 5.9, 0
233.89, 5.7, 0
203.04, 5.8, 0
186.30, 6.1, 0
193.05, 5.7, 0
202.70, 5.9, 0
217.63, 6.0, 0
193.65, 5.8, 0
215.63, 5.9, 0
178.11, 6.0, 0
206.95, 6.0, 0
210.00, 5.9, 0
195.31, 5.8, 0
197.75, 6.0, 0
185.64, 5.9, 0
231.50, 5.9, 0
195.72, 6.0, 0
214.07, 5.9, 0
195.96, 5.9, 0
177.95, 5.9, 0
176.85, 6.0, 0
213.33, 5.9, 0
196.04, 6.0, 0
215.97, 6.1, 0
203.24, 5.8, 0
180.60, 5.9, 0
186.82, 5.9, 0
189.00, 5.9, 0
201.14, 5.9, 0
187.85, 6.0, 0
181.36, 6.0, 0
175.05, 5.8, 0
181.97, 6.1, 0
168.76, 5.8, 0
192.37, 5.9, 0
180.26, 5.9, 0
192.64, 5.8, 0
182.36, 5.9, 0
202.82, 6.0, 0
225.12, 5.8, 0
211.67, 5.7, 0
187.25, 5.8, 0
163.58, 5.9, 0
208.81, 5.6, 0
177.50, 6.0, 0
180.78, 5.8, 0
175.02, 5.8, 0
236.21, 5.8, 0
195.40, 5.9, 0
199.97, 5.8, 0
192.56, 5.8, 0
217.18, 6.1, 0
191.95, 6.0, 0
165.27, 5.8, 0
204.14, 6.0, 0
179.33, 5.7, 0
229.96, 6.0, 0
149.29, 5.8, 0
199.41, 5.9, 0
241.12, 6.1, 0
219.47, 6.0, 0
178.79, 5.9, 0
197.97, 5.8, 0
159.16, 5.9, 0
188.72, 6.0, 0
172.64, 6.0, 0
247.89, 5.9, 0
176.50, 5.6, 0
182.89, 6.1, 0
196.75, 5.9, 0
202.16, 5.9, 0
203.69, 5.9, 0
183.04, 6.0, 0
178.99, 5.8, 0
185.53, 6.1, 0
208.29, 5.9, 0
191.33, 5.9, 0
163.16, 6.0, 0
171.28, 5.9, 0
180.27, 5.8, 0
229.47, 5.9, 0
228.81, 5.8, 0
240.15, 6.0, 0
179.16, 6.0, 0
210.72, 5.8, 0
185.72, 5.9, 0
185.70, 6.0, 0
219.27, 5.8, 0
191.04, 6.1, 0
209.53, 6.0, 0
195.21, 5.9, 0
183.39, 6.0, 0
157.16, 5.9, 0
234.04, 5.8, 0
184.11, 5.7, 0
209.45, 5.9, 0
190.37, 6.1, 0
203.30, 5.9, 0
204.80, 5.7, 0
177.16, 5.9, 0
222.96, 5.8, 0
214.97, 5.9, 0
181.32, 6.0, 0
173.41, 5.9, 0
191.85, 6.0, 0
187.25, 6.1, 0
195.77, 5.8, 0
172.70, 5.9, 0
215.32, 6.0, 0
250.19, 5.9, 0
189.49, 5.9, 0
214.74, 5.9, 0
212.52, 5.9, 0
166.64, 5.8, 0
173.65, 5.9, 0
181.85, 5.9, 0
228.24, 5.8, 0
193.88, 5.9, 0
189.77, 6.0, 0
190.04, 5.7, 0
186.74, 5.9, 0
196.31, 5.9, 0
219.96, 5.9, 0
205.81, 5.9, 0
183.06, 5.9, 0
221.01, 5.9, 0
185.25, 6.0, 0
173.31, 6.0, 0
223.15, 6.1, 0
195.70, 5.9, 0
214.31, 5.8, 0
206.40, 5.8, 0
206.41, 5.9, 0
202.94, 5.8, 0
190.05, 5.8, 0
179.34, 6.0, 0
187.25, 5.9, 0
172.89, 5.7, 0
237.63, 6.0, 0
193.03, 5.7, 0
179.03, 5.9, 0
203.08, 5.8, 0
183.76, 6.0, 0
187.70, 5.9, 0
205.71, 5.9, 0
213.77, 6.0, 0
179.80, 5.8, 0
169.75, 6.0, 0
223.56, 6.0, 0
213.11, 5.9, 0
193.32, 5.8, 0
201.44, 6.0, 0
188.87, 5.9, 0
177.20, 5.9, 0
185.37, 5.9, 0
204.74, 6.0, 0
203.69, 5.9, 0
170.39, 6.0, 0
219.84, 5.8, 0
177.26, 6.0, 0
195.15, 5.8, 0
191.51, 6.0, 0
179.12, 5.8, 0
199.70, 5.9, 0
166.65, 6.0, 0
214.22, 5.9, 0
217.42, 6.1, 0
188.27, 6.0, 0
237.92, 5.9, 0
149.59, 5.9, 0
212.29, 6.0, 0
208.64, 6.1, 0
198.80, 5.9, 0
186.00, 6.0, 0
223.41, 5.9, 0
219.60, 5.8, 0
209.39, 6.0, 0
242.13, 5.7, 0
175.77, 6.0, 0
208.46, 5.9, 0
209.21, 5.8, 0
191.25, 5.7, 0
176.74, 5.8, 0
205.93, 5.8, 0
199.25, 5.9, 0
188.65, 5.9, 0
191.59, 5.8, 0
174.78, 6.0, 0
206.46, 5.8, 0
191.25, 5.9, 0
191.57, 5.9, 0
193.96, 5.9, 0
206.97, 5.8, 0
224.05, 6.0, 0
223.85, 5.8, 0
150.11, 5.9, 0
199.68, 6.1, 0
203.49, 5.9, 0
200.88, 6.1, 0
171.13, 5.8, 0
220.60, 5.9, 0
186.59, 5.9, 0
180.83, 5.9, 0
207.74, 5.8, 0
195.65, 5.8, 0
184.65, 5.9, 0
199.39, 5.8, 0
196.64, 6.0, 0
213.92, 5.8, 0
191.55, 5.9, 0
204.28, 5.9, 0
185.78, 6.1, 0
184.16, 5.9, 0
209.87, 5.8, 0
176.74, 5.7, 0
206.46, 5.8, 0
225.96, 5.9, 0
208.64, 5.9, 0
186.08, 6.0, 0
178.95, 5.8, 0
226.65, 6.0, 0
207.23, 5.9, 0
169.95, 5.8, 0
181.65, 6.0, 0
208.80, 6.0, 0
225.86, 5.9, 0
200.67, 6.0, 0
165.72, 5.9, 0
221.69, 5.9, 0
211.17, 5.8, 0
165.60, 6.0, 0
179.67, 5.7, 0
203.75, 5.8, 0
235.75, 5.8, 0
208.03, 6.0, 0
169.79, 5.9, 0
180.06, 5.9, 0
225.36, 6.0, 0
169.92, 5.9, 0
205.56, 5.9, 0
206.64, 5.9, 0
223.00, 5.9, 0
173.35, 6.0, 0
184.57, 6.0, 0
195.77, 5.7, 0
183.52, 5.9, 0
155.05, 5.7, 0
167.86, 5.9, 0
176.62, 5.8, 0
190.15, 5.9, 0
188.37, 5.7, 0
169.01, 6.0, 0
209.32, 6.0, 0
216.16, 6.1, 0
205.39, 6.0, 0
216.95, 5.9, 0
196.53, 6.0, 0
223.53, 5.9, 0
234.51, 5.9, 0
201.38, 6.1, 0
188.86, 5.9, 0
201.34, 6.0, 0
197.52, 6.0, 0
205.30, 5.7, 0
180.25, 6.0, 0
212.16, 5.9, 0
189.86, 6.0, 0
206.77, 5.9, 0
187.38, 6.0, 0
194.91, 5.9, 0
187.91, 5.9, 0
238.36, 5.7, 0
192.06, 6.1, 0
187.08, 5.9, 0
223.77, 5.8, 0
199.00, 5.9, 0
196.70, 5.8, 0
172.41, 5.7, 0
186.43, 5.7, 0
215.82, 6.0, 0
182.19, 6.0, 0
201.83, 5.8, 0
179.07, 6.1, 0
187.37, 5.9, 0
197.06, 6.1, 0
224.60, 5.9, 0
142.68, 5.9, 0
208.48, 5.9, 0
203.43, 6.0, 0
194.69, 6.0, 0
191.35, 5.9, 0
209.46, 6.1, 0
209.82, 6.0, 0
194.91, 6.0, 0
189.84, 5.9, 0
196.21, 5.7, 0
187.28, 6.0, 0
188.13, 5.9, 0
240.76, 5.9, 0
192.71, 5.8, 0
208.16, 5.7, 0
210.61, 5.8, 0
164.13, 6.2, 0
177.65, 6.0, 0
170.29, 5.8, 0
180.25, 5.7, 0
187.96, 5.9, 0
204.04, 6.0, 0
194.31, 5.7, 0
187.09, 5.9, 0
190.10, 6.0, 0
182.39, 6.0, 0
195.46, 5.9, 0
212.76, 6.0, 0
185.08, 5.7, 0
201.99, 5.9, 0
176.66, 5.9, 0
190.23, 5.9, 0
199.16, 5.9, 0
220.30, 5.8, 0
181.13, 5.7, 0
188.64, 5.9, 0
196.71, 5.9, 0
205.85, 5.8, 0
226.55, 5.9, 0
204.77, 5.9, 0
149.11, 5.8, 0
224.35, 6.2, 0
203.74, 5.9, 0
178.10, 5.8, 0
212.68, 5.8, 0
218.93, 5.8, 0
179.88, 5.9, 0
227.58, 5.8, 0
231.85, 5.8, 0
174.41, 5.9, 0
199.17, 5.8, 0
196.74, 5.9, 0
154.28, 5.9, 0
178.80, 5.9, 0
182.18, 5.9, 0
206.63, 5.9, 0
174.52, 6.1, 0
138.27, 6.0, 0
178.76, 5.9, 0
203.10, 5.7, 0
187.88, 5.8, 0
196.94, 6.0, 0
213.22, 6.1, 0
157.44, 5.8, 0
198.42, 6.0, 0
173.85, 6.0, 0
203.89, 5.9, 0
218.46, 5.8, 0
213.67, 5.9, 0
180.06, 5.9, 0
201.33, 5.8, 0
188.23, 5.8, 0
209.03, 5.9, 0
167.43, 6.0, 0
186.83, 5.8, 0
212.95, 6.0, 0
228.00, 5.9, 0
195.06, 6.0, 0
208.78, 6.0, 0
189.51, 5.9, 0
172.76, 6.0, 0
208.65, 5.8, 0
209.62, 5.9, 0
165.91, 6.0, 0
174.10, 6.1, 0
169.86, 5.9, 0
185.18, 5.9, 0
170.99, 5.9, 0
209.36, 5.7, 0
199.08, 6.1, 0
186.43, 5.9, 0
173.70, 5.9, 0
185.72, 5.9, 0
183.34, 5.9, 0
194.72, 5.9, 0
195.02, 6.0, 0
217.43, 5.8, 0
207.68, 5.9, 0
203.72, 5.7, 0
192.75, 5.9, 0
189.22, 6.1, 0
177.26, 5.8, 0
201.16, 5.9, 0
198.93, 5.8, 0
200.18, 5.8, 0
193.87, 5.8, 0
209.89, 5.8, 0
201.18, 6.1, 0
192.37, 5.8, 0
203.10, 6.0, 0
192.54, 5.8, 0
233.64, 5.9, 0
211.38, 5.9, 0
225.03, 6.2, 0
207.14, 5.8, 0
179.98, 6.0, 0
166.80, 6.0, 0
225.40, 6.1, 0
187.76, 5.7, 0
203.94, 6.0, 0
210.58, 6.0, 0
177.92, 6.0, 0
197.13, 6.0, 0
183.29, 6.0, 0
193.05, 6.0, 0
168.11, 5.9, 0
202.07, 5.9, 0
206.74, 5.8, 0
197.87, 5.9, 0
191.72, 5.9, 0
202.46, 5.8, 0
209.13, 5.8, 0
193.12, 5.9, 0
175.65, 5.9, 0
198.49, 5.9, 0
213.29, 5.9, 0
209.80, 6.0, 0
222.57, 5.9, 0
197.93, 5.8, 0
199.23, 5.8, 0
220.22, 5.9, 0
208.09, 6.0, 0
205.94, 5.7, 0
166.12, 6.0, 0
195.41, 5.9, 0
221.55, 6.0, 0
188.85, 6.0, 0
210.74, 5.8, 0
203.56, 5.9, 0
211.85, 6.0, 0
196.50, 5.8, 0
205.85, 5.9, 0
216.12, 5.9, 0
207.26, 5.9, 0
157.03, 6.0, 0
215.50, 5.8, 0
166.98, 5.8, 0
204.45, 5.7, 0
221.27, 5.9, 0
210.96, 6.0, 0
190.94, 5.9, 0
214.02, 6.0, 0
213.15, 5.8, 0
174.88, 5.9, 0
236.46, 5.9, 0
194.69, 5.9, 0
176.25, 5.9, 0
197.70, 5.9, 0
180.44, 6.0, 0
204.29, 5.9, 0
183.00, 5.9, 0
205.16, 5.9, 0
187.21, 6.0, 0
175.38, 5.9, 0
209.63, 6.1, 0
221.33, 5.9, 0
195.84, 5.8, 0
182.83, 5.9, 0
181.69, 5.8, 0
196.80, 6.0, 0
183.66, 5.9, 0
206.93, 5.9, 0
177.07, 5.9, 0
215.91, 6.0, 0
184.50, 5.9, 0
160.33, 5.9, 0
203.94, 5.8, 0
194.69, 6.1, 0
206.17, 6.0, 0
201.14, 5.9, 0
189.92, 5.9, 0
187.26, 5.9, 0
195.73, 5.9, 0
218.95, 6.0, 0
164.26, 5.8, 0
201.82, 6.0, 0
193.58, 6.0, 0
210.29, 5.9, 0
190.68, 6.0, 0
221.60, 6.0, 0
210.69, 6.1, 0
207.44, 5.8, 0
232.83, 5.9, 0
161.65, 6.0, 0
225.13, 5.8, 0
195.16, 5.9, 0
179.37, 5.7, 0
190.05, 5.8, 0
243.97, 6.0, 0
205.03, 5.9, 0
192.85, 5.9, 0
180.95, 5.9, 0
180.89, 5.9, 0
153.81, 5.9, 0
191.50, 6.0, 0
168.90, 5.9, 0
179.88, 5.9, 0
204.67, 5.8, 0
160.17, 5.9, 0
177.53, 6.0, 0
175.93, 6.0, 0
207.64, 6.0, 0
190.27, 5.9, 0
180.42, 5.9, 0
199.07, 5.9, 0
201.48, 6.0, 0
201.68, 6.2, 0
265.67, 5.8, 0
213.55, 5.9, 0
178.51, 6.0, 0
168.14, 5.9, 0
167.50, 5.9, 0
216.95, 6.0, 0
203.02, 6.1, 0
190.02, 6.1, 0
174.29, 5.8, 0
169.03, 5.9, 0
213.21, 5.9, 0
225.92, 5.8, 0
190.65, 5.9, 0
199.73, 6.1, 0
157.08, 6.0, 0
173.64, 5.9, 0
226.41, 6.0, 0
216.49, 5.8, 0
172.51, 6.0, 0
207.58, 5.9, 0
222.08, 5.8, 0
192.32, 5.9, 0
209.12, 5.8, 0
195.56, 5.9, 0
190.88, 6.0, 0
148.83, 5.9, 0
203.79, 5.8, 0
204.01, 5.9, 0
224.67, 6.0, 0
194.87, 6.1, 0
203.57, 5.9, 0
182.20, 6.0, 0
195.17, 5.7, 0
193.06, 6.0, 0
222.05, 5.9, 0
213.97, 6.0, 0
228.36, 5.9, 0
147.83, 6.0, 0
166.01, 5.8, 0
175.44, 5.9, 0
180.00, 6.0, 0
195.99, 5.8, 0
190.28, 6.1, 0
212.24, 6.1, 0
200.65, 6.0, 0
187.82, 5.9, 0
169.32, 6.0, 0
216.05, 5.9, 0
173.81, 6.0, 0
229.62, 5.9, 0
194.94, 5.8, 0
204.04, 6.0, 0
208.46, 5.7, 0
212.74, 6.0, 0
199.49, 5.9, 0
176.23, 5.8, 0
203.40, 5.9, 0
213.24, 5.9, 0
139.80, 5.9, 0
174.43, 5.9, 0
220.90, 6.1, 0
208.74, 5.9, 0
228.15, 6.1, 0
184.10, 6.0, 0
187.22, 5.9, 0
198.93, 5.9, 0
221.02, 5.9, 0
183.06, 6.0, 0
202.80, 5.9, 0
213.81, 5.9, 0
197.95, 5.9, 0
153.08, 5.8, 0
175.10, 5.9, 0
200.17, 6.0, 0
170.63, 5.9, 0
202.33, 6.0, 0
187.41, 5.9, 0
184.69, 5.8, 0
188.63, 5.8, 0
210.79, 5.8, 0
194.98, 5.8, 0
209.39, 5.9, 0
197.94, 5.9, 0
203.64, 5.9, 0
179.02, 5.9, 0
176.09, 5.9, 0
187.00, 6.0, 0
228.11, 5.9, 0
183.86, 6.0, 0
221.91, 5.8, 0
175.21, 5.7, 0
258.01, 6.0, 0
208.07, 5.9, 0
190.69, 5.9, 0
248.93, 6.0, 0
184.09, 5.9, 0
222.39, 6.1, 0
217.30, 5.7, 0
167.00, 5.9, 0
189.36, 5.8, 0
219.04, 6.0, 0
212.86, 6.0, 0
209.79, 5.9, 0
180.30, 5.9, 0
178.55, 6.0, 0
164.23, 5.8, 0
192.55, 5.9, 0
157.08, 5.9, 0
197.31, 6.0, 0
203.19, 6.0, 0
176.62, 5.8, 0
208.02, 5.9, 0
193.98, 6.1, 0
254.95, 5.7, 0
179.17, 5.9, 0
197.97, 5.9, 0
202.08, 6.0, 0
198.65, 6.1, 0
184.00, 6.0, 0
209.87, 5.8, 0
240.76, 5.9, 0
204.20, 5.9, 0
176.01, 6.1, 0
214.79, 5.9, 0
214.79, 5.9, 0
203.94, 6.1, 0
230.60, 5.9, 0
174.03, 6.0, 0
155.69, 5.9, 0
212.97, 5.8, 0
201.52, 5.8, 0
200.30, 6.0, 0
210.01, 5.8, 0
176.89, 5.8, 0
190.39, 6.0, 0
160.90, 5.8, 0
212.39, 5.8, 0
185.91, 6.0, 0
231.34, 5.8, 0
197.89, 5.9, 0
200.70, 5.9, 0
223.29, 5.9, 0
184.98, 5.8, 0
171.27, 6.0, 0
182.76, 5.8, 0
211.87, 6.0, 0
178.67, 5.8, 0
182.76, 5.9, 0
168.18, 5.8, 0
200.26, 5.8, 0
152.00, 5.8, 0
208.65, 6.1, 0
206.15, 6.0, 0
206.28, 6.0, 0
227.04, 6.0, 0
159.92, 5.8, 0
186.01, 6.0, 0
164.24, 5.9, 0
206.65, 6.1, 0
148.42, 5.9, 0
185.67, 5.9, 0
206.16, 5.8, 0
216.30, 5.8, 0
205.32, 6.0, 0
192.32, 6.0, 0
225.00, 5.9, 0
165.77, 5.7, 0
235.49, 6.0, 0
208.02, 6.0, 0
186.53, 6.1, 0
192.37, 5.7, 0
190.55, 5.8, 0
160.05, 5.9, 0
227.09, 5.9, 0
199.64, 5.9, 0
174.21, 5.8, 0
195.36, 5.9, 0
201.43, 5.8, 0
211.63, 5.8, 0
179.23, 5.8, 0
146.02, 6.0, 0
173.03, 5.9, 0
174.32, 6.0, 0
159.60, 5.8, 0
216.19, 5.8, 0
216.58, 5.9, 0
199.69, 5.9, 0
227.74, 5.8, 0
185.62, 5.9, 0
192.13, 5.9, 0
220.57, 6.0, 0
188.83, 5.9, 0
226.54, 6.0, 0
191.54, 5.9, 0
195.83, 5.9, 0
212.11, 5.8, 0
172.41, 5.7, 0
205.27, 5.8, 0
189.88, 5.9, 0
208.98, 5.9, 0
214.52, 5.9, 0
149.09, 5.9, 0
187.93, 6.0, 0
208.73, 6.0, 0
178.51, 5.8, 0
213.16, 5.7, 0
201.75, 5.9, 0
190.50, 5.9, 0
195.83, 5.9, 0
202.04, 5.9, 0
201.12, 5.9, 0
172.34, 6.0, 0
178.42, 5.9, 0
210.13, 6.0, 0
205.03, 5.9, 0
202.82, 6.1, 0
213.32, 6.0, 0
171.30, 5.9, 0
213.54, 6.1, 0
165.54, 5.9, 0
220.24, 5.8, 0
201.43, 5.7, 0
201.98, 5.9, 0
163.96, 6.0, 0
177.42, 6.0, 0
172.23, 5.9, 0
162.91, 6.0, 0
170.64, 5.9, 0
157.76, 5.9, 0
196.99, 5.9, 0
234.75, 5.7, 0
179.89, 6.0, 0
231.31, 5.9, 0
174.76, 5.8, 0
224.99, 5.9, 0
162.87, 5.8, 0
233.22, 5.9, 0
203.27, 6.0, 0
183.52, 5.9, 0
187.74, 5.9, 0
208.15, 6.0, 0
184.82, 5.9, 0
205.18, 5.9, 0
166.31, 5.8, 0
179.07, 5.9, 0
167.70, 5.8, 0
217.54, 6.0, 0
221.68, 5.7, 0
204.54, 6.0, 0
204.27, 5.9, 0
220.29, 5.9, 0
199.68, 5.9, 0
190.26, 6.0, 0
212.86, 5.8, 0
197.33, 5.9, 0
184.26, 5.9, 0
211.63, 5.8, 0
203.04, 5.9, 0
204.33, 6.0, 0
176.97, 5.8, 0
190.33, 5.6, 0
169.66, 5.9, 0
200.18, 5.9, 0
208.97, 5.9, 0
236.15, 5.9, 0
211.96, 5.8, 0
231.18, 5.8, 0
192.90, 6.1, 0
190.04, 6.1, 0
176.18, 6.0, 0
215.36, 5.8, 0
236.74, 6.0, 0
181.30, 5.9, 0
197.46, 5.7, 0
201.10, 5.8, 0
196.05, 5.9, 0
191.39, 5.9, 0
183.32, 6.0, 0
195.86, 5.9, 0
194.26, 5.8, 0
220.56, 5.9, 0
193.70, 6.0, 0
200.21, 5.9, 0
165.71, 6.0, 0
199.09, 5.7, 0
185.17, 6.0, 0
162.55, 5.9, 0
212.45, 5.9, 0
235.78, 6.0, 0
189.37, 6.0, 0
206.71, 5.7, 0
196.52, 5.8, 0
212.41, 6.1, 0
181.01, 5.9, 0
211.31, 5.9, 0
228.96, 6.0, 0
217.18, 6.0, 0
177.76, 6.0, 0
202.46, 6.0, 0
212.42, 5.8, 0
187.55, 6.1, 0
203.60, 5.9, 0
230.87, 5.9, 0
211.56, 5.9, 0
184.90, 6.0, 0
197.58, 6.0, 0
169.86, 6.0, 0
236.56, 5.9, 0
218.70, 5.8, 0
186.80, 5.9, 0
176.56, 5.9, 0
202.45, 5.8, 0
183.70, 6.0, 0
187.39, 6.0, 0
225.84, 6.0, 0
219.64, 5.9, 0
168.67, 5.8, 0
174.05, 6.0, 0
177.68, 6.0, 0
186.24, 5.8, 0
237.06, 5.8, 0
193.87, 6.0, 0
220.38, 5.9, 0
182.38, 6.0, 0
207.97, 6.0, 0
177.25, 5.8, 0
149.32, 5.9, 0
211.45, 6.0, 0
199.70, 5.9, 0
196.29, 5.9, 0
187.79, 6.1, 0
186.58, 5.8, 0
208.18, 5.9, 0
160.84, 5.4, 1
161.33, 5.5, 1
174.05, 5.3, 1
149.55, 5.3, 1
156.24, 5.4, 1
178.89, 5.2, 1
159.72, 5.5, 1
153.42, 5.1, 1
176.21, 5.5, 1
189.48, 5.4, 1
158.91, 5.5, 1
175.51, 5.5, 1
174.96, 5.5, 1
196.38, 5.4, 1
177.76, 5.5, 1
134.94, 5.4, 1
179.94, 5.3, 1
187.85, 5.4, 1
155.03, 5.4, 1
163.46, 5.5, 1
202.51, 5.4, 1
170.25, 5.3, 1
179.80, 5.4, 1
152.90, 5.2, 1
155.28, 5.4, 1
187.18, 5.3, 1
200.56, 5.4, 1
156.29, 5.3, 1
147.65, 5.3, 1
166.28, 5.3, 1
150.97, 5.4, 1
170.13, 5.2, 1
207.93, 5.3, 1
202.79, 5.4, 1
179.45, 5.3, 1
168.60, 5.5, 1
187.86, 5.5, 1
121.45, 5.4, 1
198.23, 5.4, 1
192.78, 5.3, 1
161.67, 5.3, 1
154.75, 5.4, 1
153.68, 5.4, 1
171.22, 5.4, 1
155.48, 5.5, 1
157.81, 5.4, 1
176.49, 5.3, 1
139.61, 5.5, 1
176.65, 5.5, 1
180.63, 5.4, 1
184.69, 5.4, 1
147.93, 5.2, 1
180.18, 5.6, 1
153.45, 5.3, 1
142.83, 5.3, 1
166.14, 5.3, 1
180.80, 5.4, 1
174.18, 5.6, 1
164.23, 5.4, 1
207.90, 5.6, 1
153.71, 5.4, 1
158.67, 5.4, 1
177.10, 5.3, 1
147.34, 5.5, 1
182.93, 5.3, 1
162.19, 5.3, 1
163.78, 5.4, 1
183.56, 5.4, 1
176.07, 5.3, 1
177.85, 5.4, 1
159.41, 5.5, 1
150.61, 5.5, 1
164.29, 5.3, 1
137.99, 5.4, 1
157.35, 5.3, 1
167.06, 5.3, 1
141.12, 5.5, 1
184.65, 5.4, 1
166.56, 5.5, 1
154.68, 5.4, 1
176.47, 5.4, 1
139.01, 5.2, 1
164.72, 5.5, 1
149.01, 5.5, 1
203.92, 5.2, 1
175.11, 5.3, 1
132.82, 5.4, 1
161.87, 5.3, 1
170.09, 5.4, 1
160.74, 5.4, 1
128.86, 5.3, 1
162.63, 5.4, 1
177.87, 5.5, 1
153.63, 5.5, 1
153.26, 5.4, 1
225.36, 5.3, 1
160.10, 5.4, 1
148.81, 5.4, 1
141.99, 5.4, 1
171.20, 5.3, 1
192.26, 5.4, 1
136.27, 5.5, 1
200.43, 5.4, 1
147.34, 5.7, 1
202.91, 5.3, 1
156.39, 5.2, 1
173.25, 5.5, 1
197.37, 5.3, 1
146.16, 5.5, 1
145.84, 5.5, 1
170.62, 5.6, 1
145.23, 5.4, 1
155.09, 5.3, 1
170.06, 5.3, 1
166.30, 5.3, 1
127.16, 5.4, 1
165.12, 5.3, 1
155.22, 5.3, 1
192.44, 5.4, 1
146.60, 5.5, 1
169.69, 5.3, 1
176.32, 5.5, 1
157.70, 5.4, 1
163.75, 5.5, 1
142.82, 5.5, 1
181.68, 5.4, 1
143.47, 5.5, 1
218.72, 5.4, 1
187.93, 5.5, 1
162.66, 5.4, 1
152.49, 5.4, 1
158.08, 5.5, 1
157.62, 5.6, 1
164.60, 5.6, 1
160.72, 5.4, 1
165.81, 5.4, 1
171.79, 5.4, 1
164.19, 5.4, 1
166.29, 5.4, 1
135.94, 5.4, 1
162.85, 5.5, 1
163.87, 5.3, 1
125.87, 5.3, 1
186.88, 5.3, 1
177.15, 5.3, 1
132.80, 5.4, 1
164.70, 5.2, 1
158.14, 5.6, 1
163.46, 5.4, 1
185.16, 5.3, 1
174.67, 5.3, 1
119.63, 5.5, 1
149.32, 5.5, 1
161.17, 5.5, 1
160.20, 5.5, 1
162.80, 5.4, 1
152.11, 5.3, 1
148.69, 5.7, 1
157.93, 5.4, 1
202.21, 5.4, 1
182.55, 5.5, 1
144.53, 5.4, 1
219.16, 5.5, 1
153.73, 5.4, 1
188.44, 5.3, 1
144.55, 5.6, 1
142.97, 5.6, 1
155.14, 5.5, 1
155.33, 5.4, 1
158.68, 5.2, 1
188.83, 5.5, 1
146.97, 5.7, 1
139.19, 5.5, 1
152.56, 5.4, 1
168.97, 5.4, 1
173.06, 5.3, 1
159.03, 5.4, 1
148.28, 5.5, 1
179.97, 5.4, 1
161.30, 5.5, 1
193.65, 5.5, 1
170.82, 5.5, 1
171.10, 5.5, 1
170.47, 5.5, 1
153.89, 5.4, 1
185.01, 5.3, 1
154.24, 5.4, 1
138.63, 5.3, 1
183.33, 5.2, 1
167.30, 5.4, 1
140.77, 5.3, 1
192.16, 5.5, 1
145.27, 5.4, 1
178.08, 5.3, 1
138.23, 5.4, 1
138.32, 5.4, 1
163.89, 5.5, 1
149.96, 5.6, 1
172.30, 5.3, 1
195.27, 5.4, 1
182.74, 5.4, 1
173.94, 5.4, 1
184.57, 5.4, 1
172.90, 5.5, 1
184.14, 5.4, 1
188.95, 5.4, 1
158.69, 5.4, 1
172.98, 5.3, 1
169.03, 5.5, 1
139.89, 5.4, 1
158.66, 5.6, 1
161.02, 5.6, 1
156.19, 5.3, 1
147.01, 5.5, 1
185.79, 5.2, 1
117.95, 5.4, 1
186.00, 5.4, 1
138.35, 5.4, 1
191.52, 5.4, 1
186.24, 5.3, 1
182.97, 5.5, 1
195.22, 5.4, 1
179.81, 5.3, 1
155.06, 5.4, 1
171.31, 5.6, 1
207.21, 5.4, 1
119.82, 5.3, 1
168.88, 5.4, 1
191.93, 5.3, 1
178.85, 5.5, 1
164.38, 5.4, 1
153.37, 5.3, 1
207.91, 5.6, 1
157.14, 5.5, 1
187.21, 5.5, 1
188.54, 5.4, 1
155.32, 5.3, 1
164.62, 5.3, 1
186.26, 5.3, 1
184.75, 5.4, 1
152.98, 5.6, 1
196.88, 5.4, 1
163.32, 5.6, 1
198.35, 5.4, 1
144.02, 5.6, 1
176.90, 5.6, 1
116.31, 5.4, 1
174.43, 5.5, 1
185.62, 5.2, 1
188.52, 5.4, 1
141.12, 5.4, 1
137.15, 5.2, 1
164.14, 5.4, 1
202.97, 5.5, 1
148.82, 5.5, 1
169.69, 5.5, 1
177.56, 5.4, 1
183.20, 5.3, 1
151.28, 5.4, 1
197.05, 5.4, 1
144.22, 5.4, 1
166.52, 5.4, 1
172.14, 5.4, 1
155.89, 5.3, 1
168.97, 5.5, 1
157.78, 5.5, 1
175.63, 5.4, 1
194.16, 5.4, 1
157.98, 5.6, 1
186.70, 5.4, 1
156.44, 5.2, 1
178.36, 5.3, 1
213.18, 5.6, 1
172.96, 5.6, 1
178.70, 5.5, 1
152.04, 5.5, 1
167.19, 5.4, 1
189.95, 5.6, 1
145.74, 5.5, 1
129.03, 5.3, 1
209.06, 5.4, 1
167.68, 5.4, 1
187.28, 5.4, 1
172.96, 5.5, 1
154.32, 5.3, 1
180.69, 5.5, 1
122.26, 5.5, 1
136.88, 5.4, 1
165.77, 5.5, 1
185.12, 5.4, 1
186.20, 5.5, 1
150.16, 5.4, 1
125.22, 5.7, 1
213.06, 5.5, 1
162.75, 5.4, 1
168.93, 5.3, 1
147.86, 5.5, 1
164.90, 5.5, 1
132.00, 5.4, 1
158.97, 5.5, 1
167.87, 5.4, 1
121.06, 5.4, 1
209.02, 5.5, 1
193.62, 5.3, 1
154.44, 5.6, 1
161.25, 5.4, 1
194.54, 5.3, 1
126.08, 5.5, 1
164.96, 5.5, 1
142.26, 5.4, 1
201.74, 5.2, 1
182.88, 5.5, 1
168.67, 5.5, 1
181.25, 5.4, 1
159.03, 5.3, 1
179.50, 5.3, 1
146.75, 5.4, 1
165.05, 5.3, 1
153.53, 5.3, 1
162.72, 5.3, 1
153.33, 5.3, 1
149.81, 5.5, 1
166.32, 5.3, 1
200.97, 5.4, 1
204.27, 5.4, 1
158.05, 5.3, 1
169.31, 5.3, 1
175.98, 5.5, 1
160.06, 5.5, 1
134.93, 5.5, 1
158.23, 5.3, 1
184.95, 5.4, 1
153.51, 5.5, 1
191.72, 5.4, 1
163.57, 5.3, 1
158.16, 5.6, 1
136.71, 5.4, 1
175.77, 5.3, 1
164.48, 5.4, 1
161.61, 5.4, 1
188.61, 5.2, 1
133.44, 5.6, 1
167.72, 5.3, 1
145.72, 5.4, 1
164.93, 5.5, 1
176.83, 5.4, 1
178.30, 5.4, 1
150.90, 5.4, 1
180.30, 5.4, 1
168.56, 5.3, 1
193.49, 5.3, 1
139.87, 5.5, 1
191.66, 5.5, 1
172.85, 5.4, 1
153.76, 5.5, 1
164.08, 5.4, 1
176.64, 5.3, 1
158.44, 5.3, 1
150.46, 5.4, 1
185.58, 5.4, 1
180.65, 5.5, 1
187.85, 5.3, 1
164.49, 5.3, 1
141.50, 5.3, 1
164.81, 5.4, 1
182.78, 5.5, 1
173.42, 5.5, 1
158.14, 5.6, 1
175.29, 5.5, 1
184.99, 5.4, 1
142.04, 5.3, 1
150.92, 5.2, 1
182.66, 5.4, 1
191.74, 5.6, 1
154.42, 5.4, 1
205.15, 5.4, 1
163.11, 5.5, 1
169.44, 5.5, 1
189.03, 5.4, 1
169.65, 5.4, 1
187.33, 5.4, 1
153.21, 5.3, 1
120.94, 5.4, 1
165.86, 5.4, 1
185.89, 5.4, 1
160.09, 5.4, 1
169.52, 5.5, 1
166.85, 5.3, 1
164.62, 5.6, 1
188.87, 5.4, 1
161.01, 5.4, 1
148.78, 5.4, 1
174.06, 5.3, 1
190.26, 5.5, 1
165.16, 5.4, 1
160.24, 5.5, 1
170.56, 5.4, 1
146.39, 5.4, 1
173.11, 5.6, 1
177.15, 5.4, 1
171.21, 5.3, 1
196.45, 5.2, 1
148.99, 5.2, 1
169.94, 5.4, 1
200.38, 5.4, 1
173.00, 5.6, 1
153.80, 5.3, 1
174.06, 5.5, 1
169.16, 5.5, 1
144.98, 5.6, 1
122.25, 5.4, 1
151.43, 5.4, 1
158.35, 5.4, 1
109.88, 5.4, 1
148.59, 5.5, 1
161.05, 5.5, 1
172.10, 5.5, 1
174.25, 5.4, 1
163.29, 5.3, 1
165.20, 5.3, 1
187.08, 5.5, 1
190.49, 5.2, 1
183.12, 5.5, 1
170.51, 5.4, 1
195.89, 5.5, 1
177.76, 5.6, 1
175.43, 5.5, 1
171.46, 5.2, 1
172.44, 5.3, 1
159.40, 5.3, 1
206.20, 5.5, 1
166.89, 5.4, 1
164.02, 5.5, 1
170.73, 5.4, 1
145.12, 5.3, 1
164.01, 5.4, 1
137.23, 5.2, 1
219.22, 5.3, 1
182.46, 5.5, 1
173.72, 5.4, 1
250.34, 5.3, 1
194.37, 5.4, 1
148.83, 5.4, 1
201.68, 5.4, 1
200.15, 5.4, 1
140.23, 5.5, 1
203.05, 5.4, 1
169.42, 5.4, 1
172.98, 5.4, 1
172.84, 5.4, 1
150.19, 5.6, 1
184.66, 5.4, 1
176.06, 5.6, 1
148.93, 5.2, 1
156.04, 5.4, 1
178.04, 5.4, 1
180.39, 5.4, 1
138.16, 5.4, 1
148.01, 5.4, 1
189.19, 5.3, 1
187.55, 5.4, 1
205.00, 5.5, 1
151.07, 5.6, 1
162.18, 5.5, 1
140.49, 5.5, 1
182.06, 5.6, 1
156.34, 5.3, 1
181.32, 5.2, 1
196.64, 5.2, 1
193.97, 5.5, 1
198.48, 5.3, 1
132.07, 5.4, 1
169.95, 5.5, 1
161.89, 5.4, 1
193.08, 5.5, 1
122.78, 5.5, 1
172.58, 5.4, 1
188.99, 5.4, 1
163.25, 5.5, 1
179.36, 5.3, 1
147.23, 5.6, 1
170.13, 5.2, 1
143.64, 5.5, 1
174.74, 5.3, 1
141.54, 5.4, 1
195.91, 5.6, 1
141.83, 5.5, 1
168.78, 5.3, 1
185.20, 5.4, 1
157.26, 5.4, 1
172.55, 5.6, 1
196.78, 5.4, 1
183.01, 5.4, 1
171.80, 5.4, 1
163.55, 5.5, 1
159.79, 5.3, 1
156.31, 5.4, 1
168.19, 5.5, 1
191.98, 5.3, 1
155.60, 5.3, 1
152.80, 5.5, 1
162.34, 5.5, 1
156.31, 5.3, 1
180.05, 5.3, 1
158.87, 5.4, 1
163.92, 5.5, 1
171.69, 5.4, 1
160.96, 5.3, 1
191.83, 5.3, 1
171.94, 5.5, 1
177.97, 5.4, 1
156.65, 5.4, 1
157.53, 5.4, 1
137.35, 5.3, 1
148.22, 5.4, 1
160.27, 5.3, 1
160.91, 5.3, 1
176.59, 5.3, 1
188.83, 5.3, 1
185.26, 5.2, 1
197.71, 5.6, 1
198.87, 5.4, 1
174.29, 5.2, 1
152.76, 5.3, 1
184.07, 5.6, 1
176.83, 5.3, 1
160.57, 5.5, 1
164.85, 5.5, 1
160.28, 5.5, 1
157.73, 5.5, 1
195.97, 5.4, 1
152.40, 5.4, 1
173.14, 5.5, 1
186.81, 5.5, 1
154.11, 5.5, 1
141.54, 5.3, 1
198.59, 5.5, 1
146.89, 5.4, 1
188.52, 5.3, 1
176.89, 5.2, 1
157.09, 5.3, 1
142.48, 5.4, 1
184.80, 5.4, 1
176.73, 5.4, 1
166.73, 5.3, 1
144.59, 5.4, 1
169.17, 5.3, 1
198.32, 5.4, 1
161.19, 5.5, 1
133.15, 5.2, 1
147.34, 5.3, 1
154.08, 5.3, 1
180.72, 5.6, 1
176.52, 5.3, 1
155.27, 5.4, 1
136.79, 5.5, 1
146.22, 5.4, 1
134.73, 5.3, 1
202.90, 5.5, 1
172.66, 5.5, 1
167.42, 5.6, 1
181.04, 5.5, 1
153.12, 5.5, 1
176.12, 5.4, 1
156.67, 5.4, 1
154.78, 5.5, 1
169.32, 5.3, 1
163.00, 5.3, 1
152.09, 5.4, 1
191.74, 5.4, 1
164.84, 5.4, 1
161.08, 5.3, 1
123.96, 5.3, 1
185.21, 5.5, 1
169.30, 5.4, 1
178.12, 5.4, 1
192.19, 5.4, 1
191.15, 5.3, 1
145.59, 5.5, 1
146.65, 5.6, 1
130.23, 5.5, 1
156.98, 5.5, 1
166.23, 5.4, 1
166.20, 5.5, 1
178.67, 5.5, 1
141.99, 5.4, 1
159.88, 5.5, 1
202.27, 5.4, 1
160.96, 5.3, 1
123.69, 5.3, 1
152.26, 5.3, 1
158.98, 5.5, 1
161.48, 5.3, 1
165.89, 5.2, 1
177.27, 5.5, 1
141.22, 5.4, 1
199.48, 5.3, 1
196.24, 5.5, 1
142.45, 5.5, 1
195.03, 5.4, 1
144.02, 5.4, 1
182.06, 5.5, 1
150.26, 5.4, 1
151.22, 5.4, 1
183.62, 5.3, 1
166.51, 5.5, 1
185.88, 5.2, 1
168.52, 5.5, 1
187.05, 5.2, 1
172.49, 5.4, 1
145.41, 5.5, 1
169.32, 5.4, 1
138.56, 5.4, 1
157.60, 5.2, 1
142.75, 5.3, 1
166.13, 5.5, 1
175.76, 5.4, 1
157.30, 5.4, 1
180.06, 5.5, 1
193.19, 5.4, 1
174.44, 5.4, 1
172.83, 5.4, 1
146.41, 5.4, 1
128.84, 5.5, 1
136.58, 5.3, 1
131.11, 5.4, 1
192.59, 5.3, 1
183.11, 5.5, 1
174.02, 5.4, 1
174.89, 5.5, 1
183.11, 5.4, 1
169.16, 5.4, 1
184.39, 5.4, 1
179.55, 5.2, 1
187.75, 5.4, 1
161.75, 5.3, 1
197.36, 5.5, 1
172.10, 5.3, 1
149.87, 5.5, 1
146.34, 5.4, 1
154.85, 5.4, 1
160.42, 5.4, 1
170.23, 5.3, 1
153.80, 5.4, 1
154.51, 5.5, 1
184.49, 5.4, 1
138.76, 5.4, 1
182.84, 5.3, 1
145.58, 5.3, 1
175.18, 5.3, 1
164.99, 5.3, 1
160.93, 5.4, 1
154.69, 5.5, 1
178.58, 5.3, 1
176.86, 5.4, 1
166.49, 5.2, 1
149.64, 5.2, 1
153.11, 5.5, 1
147.23, 5.5, 1
144.69, 5.4, 1
144.06, 5.7, 1
167.34, 5.2, 1
170.91, 5.5, 1
158.92, 5.3, 1
161.21, 5.3, 1
186.41, 5.5, 1
177.18, 5.3, 1
168.88, 5.5, 1
170.68, 5.4, 1
161.37, 5.2, 1
195.50, 5.3, 1
192.20, 5.4, 1
163.96, 5.6, 1
142.75, 5.4, 1
132.96, 5.2, 1
171.33, 5.3, 1
154.63, 5.2, 1
212.17, 5.3, 1
197.34, 5.5, 1
132.27, 5.4, 1
150.59, 5.4, 1
177.76, 5.4, 1
181.60, 5.5, 1
172.17, 5.4, 1
148.72, 5.3, 1
178.01, 5.5, 1
192.79, 5.5, 1
149.88, 5.5, 1
164.73, 5.5, 1
129.18, 5.6, 1
171.20, 5.5, 1
131.61, 5.2, 1
172.45, 5.4, 1
183.15, 5.4, 1
164.47, 5.5, 1
194.65, 5.4, 1
214.69, 5.5, 1
151.18, 5.6, 1
123.55, 5.3, 1
164.44, 5.2, 1
169.38, 5.5, 1
178.97, 5.4, 1
163.53, 5.2, 1
147.52, 5.5, 1
138.85, 5.3, 1
180.13, 5.5, 1
186.23, 5.4, 1
169.94, 5.4, 1
125.22, 5.4, 1
192.10, 5.5, 1
154.12, 5.5, 1
158.48, 5.4, 1
177.54, 5.4, 1
142.47, 5.4, 1
179.75, 5.5, 1
153.71, 5.4, 1
188.01, 5.4, 1
185.90, 5.4, 1
191.28, 5.3, 1
172.27, 5.3, 1
141.64, 5.4, 1
173.97, 5.4, 1
189.95, 5.6, 1
152.85, 5.4, 1
173.21, 5.5, 1
134.70, 5.4, 1
178.95, 5.4, 1
199.62, 5.4, 1
187.07, 5.5, 1
146.84, 5.4, 1
128.85, 5.4, 1
158.51, 5.6, 1
204.62, 5.4, 1
198.83, 5.4, 1
157.45, 5.4, 1
180.87, 5.5, 1
210.25, 5.5, 1
205.27, 5.5, 1
128.17, 5.4, 1
157.11, 5.4, 1
184.67, 5.5, 1
176.53, 5.4, 1
148.57, 5.2, 1
140.97, 5.5, 1
178.03, 5.2, 1
175.72, 5.5, 1
180.04, 5.4, 1
131.82, 5.5, 1
177.08, 5.3, 1
151.07, 5.2, 1
148.04, 5.3, 1
170.48, 5.4, 1
201.54, 5.4, 1
147.95, 5.5, 1
163.57, 5.5, 1
152.03, 5.5, 1
197.56, 5.4, 1
151.56, 5.4, 1
162.81, 5.3, 1
202.21, 5.2, 1
157.35, 5.5, 1
184.44, 5.3, 1
136.19, 5.3, 1
178.35, 5.4, 1
184.63, 5.4, 1
155.46, 5.5, 1
148.85, 5.3, 1
164.26, 5.6, 1
200.62, 5.3, 1
196.42, 5.4, 1
153.98, 5.4, 1
175.50, 5.3, 1
161.90, 5.5, 1
183.36, 5.3, 1
183.47, 5.4, 1
145.85, 5.4, 1
164.23, 5.4, 1
206.92, 5.5, 1
160.65, 5.3, 1
151.22, 5.3, 1
165.17, 5.2, 1
139.61, 5.3, 1
137.64, 5.5, 1
139.34, 5.4, 1
194.79, 5.6, 1
177.75, 5.4, 1
180.78, 5.5, 1
167.56, 5.3, 1
170.56, 5.3, 1
143.78, 5.5, 1
170.31, 5.4, 1
162.38, 5.4, 1
184.48, 5.2, 1
174.37, 5.5, 1
159.43, 5.4, 1
141.41, 5.2, 1
162.36, 5.4, 1
188.87, 5.5, 1
158.53, 5.4, 1
151.50, 5.3, 1
136.03, 5.3, 1
182.39, 5.3, 1
166.47, 5.3, 1
191.41, 5.4, 1
207.84, 5.4, 1
193.99, 5.5, 1
198.20, 5.3, 1
159.52, 5.3, 1
157.43, 5.4, 1
184.26, 5.3, 1
147.70, 5.5, 1
157.34, 5.5, 1
193.53, 5.4, 1
187.87, 5.4, 1
166.20, 5.3, 1
151.63, 5.3, 1
165.28, 5.3, 1
181.38, 5.4, 1
149.86, 5.5, 1
160.58, 5.5, 1
186.76, 5.5, 1
189.55, 5.4, 1
165.05, 5.1, 1
163.46, 5.4, 1
207.07, 5.4, 1
192.42, 5.5, 1
168.96, 5.5, 1
156.52, 5.4, 1
168.08, 5.6, 1
192.15, 5.3, 1
163.38, 5.4, 1
152.38, 5.4, 1
153.73, 5.3, 1
159.18, 5.4, 1
155.48, 5.4, 1
144.14, 5.3, 1
150.02, 5.4, 1
157.59, 5.2, 1
131.78, 5.4, 1
170.54, 5.4, 1
139.94, 5.2, 1
182.81, 5.3, 1
147.68, 5.7, 1
202.06, 5.6, 1
183.72, 5.4, 1
183.82, 5.6, 1
151.51, 5.3, 1
189.82, 5.6, 1
165.58, 5.5, 1
145.13, 5.3, 1
173.32, 5.4, 1
154.95, 5.5, 1
191.87, 5.4, 1
185.61, 5.4, 1
170.56, 5.5, 1
174.08, 5.2, 1
145.24, 5.0, 1
159.08, 5.5, 1
175.98, 5.5, 1
142.27, 5.3, 1
185.03, 5.4, 1
144.00, 5.6, 1
182.75, 5.4, 1
172.20, 5.4, 1
132.78, 5.4, 1
160.59, 5.4, 1
154.30, 5.5, 1
198.08, 5.3, 1
123.14, 5.3, 1
186.99, 5.4, 1
141.14, 5.3, 1
175.51, 5.5, 1
173.62, 5.4, 1
190.38, 5.4, 1
189.47, 5.2, 1
205.06, 5.5, 1
172.78, 5.3, 1
139.35, 5.4, 1
175.31, 5.4, 1
180.66, 5.4, 1
140.05, 5.4, 1
142.72, 5.3, 1
145.62, 5.4, 1
148.67, 5.5, 1
211.02, 5.5, 1
145.73, 5.5, 1
137.35, 5.4, 1
149.92, 5.3, 1
185.49, 5.3, 1
163.09, 5.4, 1
145.81, 5.4, 1
186.05, 5.5, 1
148.62, 5.4, 1
162.86, 5.3, 1
165.44, 5.2, 1
197.33, 5.4, 1
157.40, 5.5, 1
189.41, 5.6, 1
167.16, 5.4, 1
155.17, 5.3, 1
141.23, 5.4, 1
127.91, 5.5, 1
161.32, 5.5, 1
145.06, 5.5, 1
160.28, 5.4, 1
204.42, 5.5, 1
143.27, 5.4, 1
128.64, 5.4, 1
187.48, 5.4, 1
143.38, 5.3, 1
161.70, 5.4, 1
208.15, 5.4, 1
173.84, 5.5, 1
158.30, 5.5, 1
167.99, 5.3, 1
179.28, 5.3, 1
141.78, 5.3, 1
158.49, 5.6, 1
158.16, 5.4, 1
213.14, 5.3, 1
183.17, 5.5, 1
152.67, 5.4, 1
150.21, 5.3, 1
168.39, 5.3, 1
136.63, 5.4, 1
175.84, 5.6, 1
157.96, 5.5, 1
165.96, 5.5, 1
167.75, 5.5, 1
159.49, 5.6, 1
144.03, 5.6, 1
158.12, 5.5, 1
218.55, 5.5, 1
141.75, 5.3, 1
163.58, 5.3, 1
151.68, 5.3, 1
163.29, 5.3, 1
166.16, 5.4, 1
149.82, 5.6, 1
139.50, 5.3, 1
158.00, 5.5, 1
207.75, 5.3, 1
176.31, 5.5, 1
157.69, 5.3, 1
176.32, 5.4, 1
179.20, 5.4, 1
169.68, 5.4, 1
141.63, 5.4, 1
132.97, 5.6, 1
182.77, 5.2, 1
177.81, 5.7, 1
193.69, 5.3, 1
188.65, 5.5, 1
184.16, 5.5, 1
162.36, 5.5, 1
162.85, 5.4, 1
169.37, 5.4, 1
167.05, 5.4, 1
178.51, 5.4, 1
174.96, 5.4, 1
172.32, 5.5, 1
178.30, 5.4, 1
202.84, 5.4, 1
180.67, 5.5, 1
147.75, 5.4, 1
151.55, 5.3, 1
171.41, 5.3, 1
134.00, 5.3, 1
173.72, 5.3, 1
181.77, 5.4, 1
149.17, 5.3, 1
186.53, 5.3, 1
203.09, 5.5, 1
154.11, 5.4, 1
169.13, 5.3, 1
184.17, 5.4, 1
188.60, 5.5, 1
181.70, 5.2, 1
170.71, 5.5, 1
134.63, 5.4, 1
176.70, 5.5, 1
181.44, 5.3, 1
153.19, 5.4, 1
182.32, 5.3, 1
166.24, 5.4, 1
199.58, 5.4, 1
216.00, 5.6, 1
170.41, 5.4, 1
139.06, 5.4, 1
159.25, 5.5, 1
138.21, 5.5, 1
194.83, 5.5, 1
151.11, 5.4, 1
182.56, 5.4, 1
177.14, 5.6, 1
173.85, 5.5, 1
151.15, 5.4, 1
165.86, 5.1, 1
172.27, 5.5, 1
185.34, 5.2, 1
191.57, 5.3, 1
111.18, 5.4, 1
150.87, 5.3, 1
186.89, 5.4, 1
161.35, 5.3, 1
156.53, 5.2, 1
150.83, 5.4, 1
200.88, 5.3, 1
180.08, 5.3, 1
141.17, 5.5, 1
179.55, 5.5, 1
149.62, 5.3, 1
185.61, 5.5, 1
166.21, 5.3, 1
186.22, 5.3, 1
156.38, 5.4, 1
143.79, 5.3, 1
176.37, 5.3, 1
159.54, 5.3, 1
138.79, 5.5, 1
209.24, 5.3, 1
187.70, 5.5, 1
146.25, 5.5, 1
193.77, 5.4, 1
145.25, 5.5, 1
154.76, 5.3, 1
129.73, 5.4, 1
202.94, 5.6, 1
187.37, 5.5, 1
167.78, 5.5, 1
167.67, 5.3, 1
139.65, 5.3, 1
119.96, 5.2, 1
182.07, 5.4, 1
173.66, 5.4, 1
200.99, 5.6, 1
170.24, 5.5, 1
132.70, 5.5, 1
154.19, 5.5, 1
171.59, 5.3, 1
173.63, 5.3, 1
155.22, 5.4, 1
166.42, 5.3, 1
165.28, 5.3, 1
167.94, 5.4, 1
159.36, 5.5, 1
130.19, 5.0, 1
143.86, 5.3, 1
169.46, 5.6, 1
167.14, 5.6, 1
163.76, 5.3, 1
184.25, 5.4, 1
146.24, 5.1, 1
186.05, 5.3, 1
192.08, 5.5, 1
163.67, 5.3, 1
192.03, 5.6, 1
179.57, 5.3, 1
140.47, 5.2, 1
166.94, 5.4, 1
176.95, 5.4, 1
171.37, 5.3, 1
175.80, 5.3, 1
164.04, 5.2, 1
153.77, 5.4, 1
156.62, 5.4, 1
152.29, 5.4, 1
156.04, 5.3, 1
154.15, 5.3, 1
169.70, 5.5, 1
182.23, 5.3, 1
164.53, 5.4, 1
119.25, 5.3, 1
177.94, 5.3, 1
161.50, 5.5, 1
210.78, 5.3, 1
192.10, 5.4, 1
181.01, 5.5, 1
178.31, 5.5, 1
176.16, 5.4, 1
182.54, 5.4, 1
210.16, 5.1, 1
189.08, 5.3, 1
159.69, 5.5, 1
143.30, 5.3, 1
153.99, 5.4, 1
159.93, 5.3, 1
177.46, 5.5, 1
183.62, 5.4, 1
154.39, 5.5, 1
161.79, 5.4, 1
144.10, 5.5, 1
172.50, 5.4, 1
165.95, 5.3, 1
136.59, 5.3, 1
171.16, 5.4, 1
150.83, 5.5, 1
150.59, 5.4, 1
226.15, 5.5, 1
151.13, 5.5, 1
172.24, 5.4, 1
173.82, 5.2, 1
157.01, 5.5, 1
159.92, 5.5, 1
191.66, 5.3, 1
157.96, 5.3, 1
144.76, 5.3, 1
173.01, 5.4, 1
159.21, 5.4, 1
181.26, 5.3, 1
145.81, 5.4, 1
164.40, 5.5, 1
213.74, 5.5, 1
187.43, 5.4, 1
139.55, 5.5, 1
167.78, 5.2, 1
164.51, 5.4, 1
174.20, 5.4, 1
184.78, 5.4, 1
161.17, 5.7, 1
166.22, 5.5, 1
139.32, 5.4, 1
149.03, 5.6, 1
169.51, 5.5, 1
132.34, 5.4, 1
148.69, 5.4, 1
171.39, 5.8, 1
195.31, 5.3, 1
120.95, 5.5, 1
175.51, 5.3, 1
157.70, 5.2, 1
191.27, 5.4, 1
163.77, 5.4, 1
145.45, 5.4, 1
199.63, 5.4, 1
174.01, 5.3, 1
172.57, 5.2, 1
106.30, 5.3, 1
180.01, 5.5, 1
174.05, 5.3, 1
177.74, 5.2, 1
180.30, 5.4, 1
177.16, 5.3, 1
180.39, 5.5, 1
197.26, 5.5, 1
148.82, 5.7, 1
199.63, 5.4, 1
168.51, 5.3, 1
181.43, 5.3, 1
148.62, 5.4, 1
167.91, 5.4, 1
173.49, 5.4, 1
184.03, 5.5, 1
142.82, 5.4, 1
156.65, 5.3, 1
176.92, 5.5, 1
156.99, 5.4, 1
180.88, 5.4, 1
180.55, 5.6, 1
198.88, 5.4, 1
185.42, 5.2, 1
126.09, 5.5, 1
150.50, 5.4, 1
159.20, 5.4, 1
183.08, 5.4, 1
151.11, 5.6, 1
180.82, 5.4, 1
155.41, 5.3, 1
169.54, 5.4, 1
148.38, 5.3, 1
155.92, 5.3, 1
199.79, 5.4, 1
165.60, 5.5, 1
174.04, 5.6, 1
170.04, 5.3, 1
174.66, 5.5, 1
187.01, 5.5, 1
219.97, 5.3, 1
141.53, 5.4, 1
179.70, 5.3, 1
134.30, 5.5, 1
154.43, 5.4, 1
187.31, 5.3, 1
166.04, 5.3, 1
154.89, 5.6, 1
182.32, 5.4, 1
179.12, 5.5, 1
188.62, 5.4, 1
179.16, 5.3, 1
171.90, 5.4, 1
140.89, 5.4, 1
164.35, 5.3, 1
147.51, 5.4, 1
210.59, 5.4, 1
157.47, 5.3, 1
165.06, 5.3, 1
142.83, 5.4, 1
156.66, 5.3, 1
138.72, 5.4, 1
174.46, 5.3, 1
204.04, 5.4, 1
184.25, 5.3, 1
183.29, 5.4, 1
164.00, 5.4, 1
133.12, 5.5, 1
181.69, 5.3, 1
162.47, 5.5, 1
170.17, 5.5, 1
166.06, 5.3, 1
187.39, 5.4, 1
158.11, 5.5, 1
160.17, 5.6, 1
163.27, 5.4, 1
169.06, 5.3, 1
163.57, 5.3, 1
176.23, 5.4, 1
199.11, 5.4, 1
148.50, 5.4, 1
209.30, 5.3, 1
177.97, 5.3, 1
191.18, 5.3, 1
177.24, 5.2, 1
226.78, 5.5, 1
181.94, 5.2, 1
125.04, 5.3, 1
156.10, 5.4, 1
160.34, 5.6, 1
164.02, 5.4, 1
163.27, 5.5, 1
198.45, 5.3, 1
156.34, 5.4, 1
164.56, 5.4, 1
188.22, 5.6, 1
138.44, 5.3, 1
162.84, 5.4, 1
151.02, 5.4, 1
153.88, 5.1, 1
214.35, 5.3, 1
164.10, 5.4, 1
177.90, 5.3, 1
176.44, 5.5, 1
175.27, 5.3, 1
159.66, 5.5, 1
188.26, 5.5, 1
160.00, 5.2, 1
163.36, 5.5, 1
181.76, 5.4, 1
182.51, 5.6, 1
166.49, 5.4, 1
178.85, 5.5, 1
168.43, 5.4, 1
174.35, 5.3, 1
159.47, 5.4, 1
167.53, 5.4, 1
134.22, 5.3, 1
178.42, 5.4, 1
149.29, 5.5, 1
162.77, 5.4, 1
182.92, 5.3, 1
218.59, 5.4, 1
135.82, 5.4, 1
167.37, 5.3, 1
173.92, 5.4, 1
163.49, 5.4, 1
187.39, 5.5, 1
146.68, 5.4, 1
169.82, 5.3, 1
175.46, 5.5, 1
143.91, 5.4, 1
157.11, 5.6, 1
189.53, 5.3, 1
136.99, 5.2, 1
198.58, 5.4, 1
142.91, 5.3, 1
152.58, 5.4, 1
179.59, 5.3, 1
169.89, 5.1, 1
171.07, 5.3, 1
160.77, 5.3, 1
190.38, 5.3, 1
175.69, 5.4, 1
170.46, 5.3, 1
192.71, 5.4, 1
165.29, 5.1, 1
203.98, 5.3, 1
173.91, 5.3, 1
178.16, 5.2, 1
151.13, 5.3, 1
170.50, 5.5, 1
142.11, 5.3, 1
149.54, 5.4, 1
164.29, 5.4, 1
156.85, 5.6, 1
178.20, 5.3, 1
192.55, 5.4, 1
133.22, 5.3, 1
152.38, 5.3, 1
159.65, 5.3, 1
156.65, 5.6, 1
163.56, 5.4, 1
177.17, 5.4, 1
203.92, 5.5, 1
204.60, 5.4, 1
170.91, 5.4, 1
169.79, 5.2, 1
149.37, 5.3, 1
179.08, 5.3, 1
147.65, 5.2, 1
151.16, 5.4, 1
189.19, 5.4, 1
159.00, 5.5, 1
175.69, 5.4, 1
132.14, 5.5, 1
141.06, 5.3, 1
180.04, 5.6, 1
145.15, 5.2, 1
187.05, 5.5, 1
137.80, 5.5, 1
143.55, 5.3, 1
169.69, 5.5, 1
156.36, 5.5, 1
170.78, 5.5, 1
155.52, 5.3, 1
214.28, 5.4, 1
196.92, 5.5, 1
160.23, 5.4, 1
173.64, 5.3, 1
211.28, 5.1, 1
212.07, 5.5, 1
135.54, 5.4, 1
152.12, 5.4, 1
167.18, 5.4, 1
157.83, 5.4, 1
195.50, 5.4, 1
176.05, 5.4, 1
167.87, 5.5, 1
186.27, 5.5, 1
181.05, 5.4, 1
193.23, 5.4, 1
170.09, 5.3, 1
154.90, 5.4, 1
187.49, 5.5, 1
197.18, 5.4, 1
156.20, 5.5, 1
211.54, 5.6, 1
190.16, 5.5, 1
148.36, 5.3, 1
167.22, 5.3, 1
188.87, 5.5, 1
185.09, 5.4, 1
168.01, 5.5, 1
188.22, 5.4, 1
149.55, 5.3, 1
192.84, 5.5, 1
122.34, 5.4, 1
170.20, 5.6, 1
148.88, 5.3, 1
132.11, 5.3, 1
197.79, 5.4, 1
143.67, 5.5, 1
161.92, 5.2, 1
165.21, 5.3, 1
165.67, 5.3, 1
159.16, 5.5, 1
146.45, 5.4, 1
167.97, 5.3, 1
156.64, 5.4, 1
217.47, 5.5, 1
195.45, 5.4, 1
176.26, 5.2, 1
153.11, 5.5, 1
144.13, 5.5, 1
161.12, 5.3, 1
182.01, 5.3, 1
166.89, 5.4, 1
184.14, 5.3, 1
195.46, 5.3, 1
200.96, 5.3, 1
115.23, 5.4, 1
150.98, 5.6, 1
181.96, 5.5, 1
161.57, 5.3, 1
142.69, 5.3, 1
180.38, 5.3, 1
143.41, 5.4, 1
172.64, 5.3, 1
172.38, 5.4, 1
156.63, 5.6, 1
158.43, 5.5, 1
177.93, 5.5, 1
142.54, 5.4, 1
176.35, 5.4, 1
150.87, 5.4, 1
154.95, 5.3, 1
143.66, 5.6, 1
195.21, 5.3, 1
200.92, 5.5, 1
150.23, 5.3, 1
182.45, 5.4, 1
200.40, 5.5, 1
144.37, 5.4, 1
159.50, 5.4, 1
163.17, 5.3, 1
180.24, 5.4, 1
156.20, 5.4, 1
164.98, 5.4, 1
139.05, 5.4, 1
134.11, 5.5, 1
136.44, 5.3, 1
142.55, 5.4, 1
158.26, 5.3, 1
150.75, 5.3, 1
165.41, 5.5, 1
164.03, 5.3, 1
172.06, 5.5, 1
203.05, 5.3, 1
170.44, 5.4, 1
140.35, 5.4, 1
146.71, 5.5, 1
190.50, 5.4, 1
126.66, 5.2, 1
189.61, 5.6, 1
148.50, 5.5, 1
145.14, 5.4, 1
163.54, 5.3, 1
176.87, 5.4, 1
156.91, 5.5, 1
195.63, 5.4, 1
169.21, 5.5, 1
194.56, 5.7, 1
171.26, 5.5, 1
179.56, 5.5, 1
174.44, 5.4, 1
186.44, 5.5, 1
181.38, 5.4, 1
164.34, 5.1, 1
177.58, 5.5, 1
200.16, 5.4, 1
176.28, 5.5, 1
166.46, 5.5, 1
164.29, 5.4, 1
152.08, 5.3, 1
141.87, 5.4, 1
170.68, 5.5, 1
161.02, 5.5, 1
147.24, 5.4, 1
202.82, 5.5, 1
131.14, 5.5, 1
171.19, 5.4, 1
174.57, 5.5, 1
181.75, 5.4, 1
163.68, 5.4, 1
145.34, 5.6, 1
180.75, 5.5, 1
165.77, 5.4, 1
155.78, 5.3, 1
132.21, 5.3, 1
172.35, 5.3, 1
175.24, 5.5, 1
179.24, 5.5, 1
173.76, 5.2, 1
154.36, 5.4, 1
149.36, 5.5, 1
152.46, 5.4, 1
187.93, 5.5, 1
175.20, 5.3, 1
195.74, 5.3, 1
124.80, 5.3, 1
186.41, 5.1, 1
167.86, 5.5, 1
154.49, 5.3, 1
188.44, 5.4, 1
174.37, 5.3, 1
118.87, 5.4, 1
153.95, 5.3, 1
168.44, 5.4, 1
179.75, 5.3, 1
136.10, 5.4, 1
165.44, 5.5, 1
161.11, 5.2, 1
151.01, 5.3, 1
197.32, 5.3, 1
171.11, 5.3, 1
171.24, 5.4, 1
186.30, 5.4, 1
148.23, 5.3, 1
163.43, 5.4, 1
172.05, 5.3, 1
149.09, 5.3, 1
198.31, 5.4, 1
139.00, 5.4, 1
199.71, 5.3, 1
145.17, 5.3, 1
166.35, 5.4, 1
165.07, 5.5, 1
160.83, 5.4, 1
137.69, 5.5, 1
203.40, 5.5, 1
155.57, 5.4, 1
165.38, 5.6, 1
179.69, 5.4, 1
209.22, 5.5, 1
175.22, 5.5, 1
194.05, 5.4, 1
165.70, 5.5, 1
149.74, 5.4, 1
170.71, 5.3, 1
158.17, 5.3, 1
119.48, 5.6, 1
144.56, 5.3, 1
217.26, 5.4, 1
156.02, 5.4, 1
172.95, 5.3, 1
157.78, 5.4, 1
159.48, 5.4, 1
136.44, 5.5, 1
172.54, 5.6, 1
192.95, 5.3, 1
146.46, 5.3, 1
161.70, 5.3, 1
149.26, 5.3, 1
149.39, 5.4, 1
171.37, 5.4, 1
183.72, 5.4, 1
162.46, 5.3, 1
192.90, 5.4, 1
148.69, 5.3, 1
157.06, 5.5, 1
171.05, 5.3, 1
177.37, 5.3, 1
159.22, 5.4, 1
153.55, 5.5, 1
171.18, 5.6, 1
171.99, 5.4, 1
153.51, 5.3, 1
143.56, 5.4, 1
135.87, 5.4, 1
164.88, 5.4, 1
166.42, 5.4, 1
218.04, 5.6, 1
171.18, 5.3, 1
150.89, 5.4, 1
159.84, 5.4, 1
133.57, 5.3, 1
207.05, 5.4, 1
167.78, 5.4, 1
157.29, 5.2, 1
219.83, 5.4, 1
123.38, 5.5, 1
171.45, 5.4, 1
180.51, 5.5, 1
180.53, 5.4, 1
163.29, 5.4, 1
163.04, 5.4, 1
171.39, 5.5, 1
187.79, 5.3, 1
199.53, 5.5, 1
167.02, 5.3, 1
187.29, 5.3, 1
186.91, 5.6, 1
172.31, 5.5, 1
193.52, 5.4, 1
194.72, 5.4, 1
170.27, 5.4, 1
165.23, 5.4, 1
186.21, 5.4, 1
155.10, 5.4, 1
195.38, 5.3, 1
154.59, 5.3, 1
170.47, 5.2, 1
153.92, 5.5, 1
164.75, 5.3, 1
151.27, 5.5, 1
185.96, 5.4, 1
157.02, 5.4, 1
180.45, 5.4, 1
175.57, 5.4, 1
143.19, 5.4, 1
166.09, 5.6, 1
149.46, 5.6, 1
166.24, 5.5, 1
163.45, 5.4, 1
159.05, 5.4, 1
158.19, 5.5, 1
149.46, 5.5, 1
151.83, 5.5, 1
141.05, 5.5, 1
175.68, 5.4, 1
116.28, 5.4, 1
209.65, 5.5, 1
151.33, 5.4, 1
141.49, 5.3, 1
202.69, 5.4, 1
161.15, 5.4, 1
164.14, 5.4, 1
188.84, 5.4, 1
179.13, 5.4, 1
143.99, 5.4, 1
175.22, 5.4, 1
181.67, 5.3, 1
175.39, 5.5, 1
157.01, 5.4, 1
181.26, 5.4, 1
173.24, 5.6, 1
198.35, 5.3, 1
201.09, 5.4, 1
156.65, 5.3, 1
180.73, 5.4, 1
210.31, 5.5, 1
178.77, 5.4, 1
179.51, 5.6, 1
143.41, 5.4, 1
164.94, 5.5, 1
201.90, 5.2, 1
135.90, 5.3, 1
209.39, 5.5, 1
174.56, 5.5, 1
164.26, 5.3, 1
171.92, 5.4, 1
172.21, 5.6, 1
174.37, 5.6, 1
140.37, 5.4, 1
147.88, 5.3, 1
166.65, 5.3, 1
192.33, 5.5, 1
184.56, 5.4, 1
183.99, 5.3, 1
173.40, 5.4, 1
163.58, 5.4, 1
169.23, 5.3, 1
169.00, 5.5, 1
192.92, 5.5, 1
163.60, 5.5, 1
180.83, 5.4, 1
161.64, 5.4, 1
136.39, 5.5, 1
159.04, 5.4, 1
203.66, 5.6, 1
129.08, 5.5, 1
194.33, 5.1, 1
179.82, 5.4, 1
164.62, 5.5, 1
188.81, 5.3, 1
141.72, 5.5, 1
199.70, 5.4, 1
113.80, 5.6, 1
185.16, 5.2, 1
149.95, 5.4, 1
97.48, 5.3, 1
166.51, 5.4, 1
166.01, 5.6, 1
172.30, 5.5, 1
192.53, 5.3, 1
181.86, 5.2, 1
175.80, 5.3, 1
183.18, 5.3, 1
169.07, 5.3, 1
194.00, 5.4, 1
168.67, 5.4, 1
187.80, 5.4, 1
210.58, 5.4, 1
143.33, 5.4, 1
166.17, 5.3, 1
171.44, 5.5, 1
151.52, 5.5, 1
177.41, 5.2, 1
153.44, 5.1, 1
183.95, 5.3, 1
162.85, 5.4, 1
164.90, 5.4, 1
170.22, 5.4, 1
143.67, 5.4, 1
149.69, 5.3, 1
164.98, 5.5, 1
168.84, 5.5, 1
155.91, 5.5, 1
197.52, 5.5, 1
179.11, 5.3, 1
142.52, 5.4, 1
194.58, 5.6, 1
210.72, 5.3, 1
132.52, 5.4, 1
175.42, 5.4, 1
182.03, 5.5, 1
170.95, 5.4, 1
180.79, 5.4, 1
180.55, 5.3, 1
123.78, 5.6, 1
205.88, 5.5, 1
184.65, 5.4, 1
182.18, 5.4, 1
196.64, 5.5, 1
140.35, 5.4, 1
163.84, 5.4, 1
191.24, 5.4, 1
194.19, 5.3, 1
184.35, 5.4, 1
122.18, 5.6, 1
151.06, 5.4, 1
180.48, 5.3, 1
147.23, 5.5, 1
132.25, 5.4, 1
144.33, 5.5, 1
174.82, 5.4, 1
153.56, 5.3, 1
184.99, 5.5, 1
192.77, 5.5, 1
202.48, 5.2, 1
197.80, 5.5, 1
147.84, 5.4, 1
164.86, 5.4, 1
191.85, 5.6, 1
181.88, 5.5, 1
196.31, 5.3, 1
187.50, 5.3, 1
183.88, 5.3, 1
186.60, 5.3, 1
195.32, 5.2, 1
197.26, 5.3, 1
188.61, 5.4, 1
167.74, 5.4, 1
120.85, 5.3, 1
165.79, 5.3, 1
149.94, 5.4, 1
152.58, 5.4, 1
162.39, 5.4, 1
181.06, 5.4, 1
169.95, 5.3, 1
181.13, 5.3, 1
189.26, 5.3, 1
166.08, 5.4, 1
147.47, 5.4, 1
211.69, 5.4, 1
206.24, 5.3, 1
190.11, 5.5, 1
173.46, 5.5, 1
139.12, 5.4, 1
159.58, 5.3, 1
166.72, 5.3, 1
128.13, 5.4, 1
151.65, 5.3, 1
131.02, 5.3, 1
158.35, 5.3, 1
160.14, 5.5, 1
125.22, 5.5, 1
168.70, 5.4, 1
158.20, 5.5, 1
154.19, 5.4, 1
177.83, 5.4, 1
167.77, 5.4, 1
165.15, 5.4, 1
138.61, 5.2, 1
196.44, 5.4, 1
190.38, 5.6, 1
172.73, 5.6, 1
165.66, 5.3, 1
168.12, 5.2, 1
129.37, 5.2, 1
197.70, 5.6, 1
144.81, 5.3, 1
212.34, 5.4, 1
184.88, 5.4, 1
153.26, 5.3, 1
192.26, 5.6, 1
147.77, 5.4, 1
169.15, 5.4, 1
165.58, 5.5, 1
141.95, 5.3, 1
215.53, 5.5, 1
165.15, 5.3, 1
178.48, 5.3, 1
200.12, 5.4, 1
153.00, 5.4, 1
174.93, 5.3, 1
199.89, 5.5, 1
154.21, 5.5, 1
162.26, 5.3, 1
171.11, 5.5, 1
208.42, 5.4, 1
168.69, 5.4, 1
202.10, 5.3, 1
181.18, 5.5, 1
148.70, 5.3, 1
131.32, 5.3, 1
206.60, 5.4, 1
171.27, 5.5, 1
165.63, 5.4, 1
154.54, 5.4, 1
160.25, 5.5, 1
168.18, 5.2, 1
198.20, 5.5, 1
180.02, 5.4, 1
192.68, 5.3, 1
175.72, 5.5, 1
165.66, 5.3, 1
159.04, 5.3, 1
173.90, 5.2, 1
158.52, 5.4, 1
168.84, 5.3, 1
148.79, 5.4, 1
142.45, 5.3, 1
132.93, 5.6, 1
160.61, 5.4, 1
151.53, 5.3, 1
148.13, 5.4, 1
124.54, 5.4, 1
150.89, 5.4, 1
159.46, 5.5, 1
193.78, 5.5, 1
124.50, 5.4, 1
158.37, 5.4, 1
139.60, 5.3, 1
159.39, 5.6, 1
153.14, 5.5, 1
181.64, 5.3, 1
149.61, 5.4, 1
214.70, 5.4, 1
200.74, 5.3, 1
157.72, 5.4, 1
166.64, 5.3, 1
187.03, 5.4, 1
151.73, 5.3, 1
202.90, 5.2, 1
165.44, 5.4, 1
165.56, 5.5, 1
139.68, 5.5, 1
172.44, 5.5, 1
144.87, 5.3, 1
136.32, 5.4, 1
178.63, 5.5, 1
160.45, 5.4, 1
191.65, 5.4, 1
187.97, 5.2, 1
188.05, 5.4, 1
173.21, 5.4, 1
152.59, 5.2, 1
166.60, 5.4, 1
150.14, 5.5, 1
168.18, 5.4, 1
185.30, 5.4, 1
155.99, 5.6, 1
146.85, 5.2, 1
152.33, 5.2, 1
218.58, 5.4, 1
127.90, 5.5, 1
181.24, 5.3, 1
157.93, 5.6, 1
185.97, 5.2, 1
143.26, 5.3, 1
157.93, 5.5, 1
181.35, 5.4, 1
164.66, 5.4, 1
178.83, 5.3, 1
147.17, 5.5, 1
147.43, 5.4, 1
177.66, 5.5, 1
146.92, 5.5, 1
141.97, 5.4, 1
162.66, 5.5, 1
185.82, 5.5, 1
185.64, 5.5, 1
178.79, 5.4, 1
147.80, 5.4, 1
181.52, 5.3, 1
182.94, 5.3, 1
202.40, 5.3, 1
164.23, 5.5, 1
148.80, 5.3, 1
193.60, 5.6, 1
171.44, 5.3, 1
179.03, 5.4, 1
152.64, 5.3, 1
188.11, 5.3, 1
151.20, 5.4, 1
141.05, 5.3, 1
136.68, 5.4, 1
157.52, 5.5, 1
167.60, 5.4, 1
152.25, 5.5, 1
192.92, 5.4, 1
171.90, 5.3, 1
174.65, 5.4, 1
189.00, 5.6, 1
150.24, 5.4, 1
174.06, 5.4, 1
166.47, 5.6, 1
161.88, 5.4, 1
183.07, 5.4, 1
197.35, 5.5, 1
161.48, 5.3, 1
190.08, 5.5, 1
148.70, 5.5, 1
156.86, 5.4, 1
150.85, 5.5, 1
153.35, 5.5, 1
174.57, 5.4, 1
172.63, 5.3, 1
138.24, 5.5, 1
149.73, 5.4, 1
154.60, 5.5, 1
171.80, 5.4, 1
191.06, 5.3, 1
157.81, 5.7, 1
127.70, 5.5, 1
161.05, 5.6, 1
168.96, 5.6, 1
172.56, 5.3, 1
139.83, 5.4, 1
187.21, 5.5, 1
133.93, 5.3, 1
179.24, 5.5, 1
169.35, 5.6, 1
177.04, 5.5, 1
157.24, 5.2, 1
201.74, 5.4, 1
138.03, 5.4, 1
194.80, 5.3, 1
190.80, 5.5, 1
130.08, 5.4, 1
157.06, 5.4, 1
165.03, 5.4, 1
191.76, 5.5, 1
155.22, 5.4, 1
154.51, 5.5, 1
162.33, 5.2, 1
154.05, 5.6, 1
192.98, 5.4, 1
149.10, 5.3, 1
180.82, 5.4, 1
163.14, 5.4, 1
182.50, 5.4, 1
162.84, 5.4, 1
146.22, 5.4, 1
176.11, 5.3, 1
156.25, 5.3, 1
137.36, 5.3, 1
164.91, 5.3, 1
204.26, 5.4, 1
161.53, 5.3, 1
164.10, 5.2, 1
175.70, 5.6, 1
159.12, 5.4, 1
163.68, 5.4, 1
202.85, 5.5, 1
200.14, 5.5, 1
158.60, 5.4, 1
187.59, 5.4, 1
148.79, 5.4, 1
161.40, 5.3, 1
188.50, 5.2, 1
170.82, 5.3, 1
207.98, 5.4, 1
171.59, 5.5, 1
185.98, 5.4, 1
203.51, 5.3, 1
142.80, 5.3, 1
168.16, 5.5, 1
141.48, 5.3, 1
153.58, 5.5, 1
155.93, 5.4, 1
223.73, 5.5, 1
156.43, 5.4, 1
144.27, 5.4, 1
160.48, 5.4, 1
148.43, 5.3, 1
181.33, 5.4, 1
166.30, 5.4, 1
153.71, 5.4, 1
194.31, 5.4, 1
169.44, 5.4, 1
164.83, 5.0, 1
162.35, 5.3, 1
150.44, 5.4, 1
197.69, 5.6, 1
171.43, 5.4, 1
169.60, 5.5, 1
142.69, 5.4, 1
179.25, 5.4, 1
208.77, 5.6, 1
151.48, 5.5, 1
161.65, 5.6, 1
162.52, 5.4, 1
140.71, 5.4, 1
182.79, 5.3, 1
184.69, 5.4, 1
173.17, 5.3, 1
132.95, 5.5, 1
176.27, 5.3, 1
157.10, 5.5, 1
182.69, 5.2, 1
169.34, 5.4, 1
179.75, 5.3, 1
160.22, 5.4, 1
204.56, 5.5, 1
175.49, 5.3, 1
173.56, 5.3, 1
169.82, 5.2, 1
186.59, 5.3, 1
177.66, 5.4, 1
177.69, 5.5, 1
